108 3522
54 100 8367
96 102 2569
93 73 9058
65 2 4305
52 54 5268
88 87 1910
53 79 3580
92 59 1119
96 69 6700
93 91 5872
67 53 4297
63 40 5532
48 24 2849
104 89 5593
41 48 5466
97 27 8070
69 95 389
21 95 510
23 98 8640
70 82 1261
28 56 5847
102 11 3204
60 74 445
107 85 6633
48 33 1415
57 37 5831
61 105 9003
35 34 6323
83 72 4521
92 33 2476
99 61 1902
50 54 2747
56 5 7579
86 4 7041
4 67 5435
93 31 1195
100 91 3063
2 33 9367
105 8 8062
106 99 7428
79 89 3339
16 30 3255
71 85 1127
108 79 4548
45 82 7530
106 67 8703
20 74 6139
39 75 3388
90 72 7796
105 85 9586
61 55 3183
60 71 1268
21 49 1792
2 64 3616
94 108 4955
36 14 7224
24 33 6254
103 71 4211
107 69 5837
9 65 7235
26 17 2464
22 93 1841
64 21 2859
98 38 9934
86 23 1689
79 74 5140
31 97 1483
72 92 6942
95 106 9305
82 6 8216
44 47 1102
77 85 1302
88 40 5235
40 29 2446
55 22 9063
85 100 1036
5 38 231
81 17 2786
11 4 2090
10 85 7520
89 36 8665
92 21 289
96 108 5240
27 55 3729
104 17 4117
94 102 8194
66 106 7933
42 78 8003
1 88 5781
81 5 5521
58 1 4459
82 1 6639
98 4 5484
45 30 2272
36 41 8516
48 43 7490
68 108 1169
17 57 5780
106 57 6685
107 29 3188
83 86 6670
95 76 5068
35 81 4430
83 34 8408
93 85 1033
11 25 2947
31 108 6769
47 32 2730
49 45 5196
62 43 4675
63 18 1851
97 20 5389
7 55 7160
60 29 821
35 13 3263
50 39 8604
15 69 5039
87 24 3664
107 88 901
107 41 4111
11 11 400
32 108 2643
21 22 643
106 82 6719
24 8 7890
26 73 4254
53 87 138
94 65 9872
59 79 9239
84 77 4923
43 103 1693
20 26 6219
32 62 5152
98 75 4502
100 98 9513
22 32 5965
90 84 3639
11 85 2468
79 51 3599
2 26 5392
73 69 940
63 104 5256
35 27 3732
45 32 1943
44 39 3875
50 60 2790
20 57 8874
76 68 7167
104 54 2916
10 56 8600
100 36 6751
92 98 2514
18 41 5366
5 101 697
66 37 3642
41 86 3674
31 14 6629
12 89 2644
94 85 3172
10 94 4289
59 102 4082
69 85 5824
89 102 5736
44 106 552
29 80 3189
69 12 7907
43 59 9090
90 86 1959
4 71 5814
80 80 9001
10 47 6913
84 7 8906
40 3 4982
67 62 7291
87 107 9357
51 67 5055
101 17 7174
71 15 6171
22 18 794
73 5 3959
18 15 4266
63 6 49
101 61 3820
41 20 948
86 106 3709
26 49 7328
85 57 3897
95 35 3209
98 73 9489
63 53 5909
32 86 6758
31 41 7700
52 49 6140
92 89 7815
101 82 4859
108 107 459
73 84 4104
70 86 4885
66 75 7925
3 45 9038
52 77 7224
24 15 980
17 67 9210
54 66 62
19 58 826
89 57 9275
7 37 3632
13 106 1069
37 79 6174
58 81 4489
23 41 8388
89 80 2138
88 96 5786
43 57 6317
86 75 1514
59 77 7013
97 89 8541
5 34 9204
2 107 76
60 37 7062
86 17 5341
19 104 5776
33 54 2925
5 32 7768
49 58 3581
58 24 823
86 29 6759
20 49 6277
33 50 7301
18 2 452
75 103 4535
87 13 7365
10 46 2901
97 66 1202
43 6 3093
60 63 9433
61 57 5436
58 92 588
105 16 4226
25 49 841
106 15 8819
95 101 299
95 18 4230
41 7 5348
18 65 8331
85 32 3009
83 108 7977
1 74 1778
75 70 5195
106 94 9888
47 107 2918
90 1 1208
53 96 2114
78 28 8562
43 62 8321
46 54 8134
20 28 8825
49 44 7152
62 10 975
107 23 9175
92 85 2208
91 82 7768
99 27 60
17 104 6728
64 54 7392
84 8 9891
28 27 2077
95 91 9383
19 61 2399
28 59 8512
22 58 5402
31 40 3467
41 31 4589
53 47 1416
93 18 4042
102 102 9215
56 37 3110
53 39 2120
1 73 9605
66 100 2344
46 29 223
18 60 9324
55 8 9273
27 60 5348
9 45 6110
61 54 8299
104 2 4796
97 70 1261
57 87 6427
92 44 1270
94 89 6546
34 69 5953
70 95 9493
60 11 1813
68 72 1885
84 83 9599
29 72 198
11 36 1481
66 35 9011
19 20 8136
1 64 9005
58 5 5084
106 91 7797
30 42 4889
105 17 8819
18 101 8803
56 21 9531
72 47 6288
65 20 7096
102 39 5883
12 55 6034
59 5 6873
66 18 7674
75 47 5367
2 44 9224
1 77 4383
82 25 8802
34 96 2162
21 52 4051
58 46 4159
7 73 614
19 39 1041
52 12 2975
82 86 7493
30 87 4825
11 87 6854
107 76 6345
8 1 3495
79 37 9784
61 95 7388
98 9 4443
97 44 1536
84 95 2168
104 84 5718
79 22 240
97 32 2971
100 46 2713
18 69 2163
48 55 7606
37 8 6141
61 100 4800
48 3 9824
12 98 4517
62 86 8101
15 77 4961
44 3 7061
73 50 4983
46 86 4358
22 80 9345
22 72 559
49 40 620
78 103 2503
98 6 8448
16 83 8534
104 98 4360
6 33 690
9 13 2600
50 74 9874
6 3 1484
98 24 3452
98 88 7314
105 57 5238
22 63 4523
37 94 6991
45 89 7194
21 3 6263
16 11 1107
75 60 6166
4 65 9166
11 70 5337
14 59 8755
55 71 4219
91 92 3136
39 36 8440
70 80 9816
90 9 3806
50 40 7470
22 6 7374
84 9 4711
24 36 1990
3 49 9768
70 103 7084
102 101 9603
87 48 4194
74 9 2552
25 7 9038
102 56 4343
81 94 4230
11 69 6990
5 108 4109
84 18 2202
21 104 7001
12 97 5326
2 91 1701
44 56 4698
74 96 3093
3 105 4730
96 77 717
86 87 7218
8 107 3401
74 98 9348
79 10 2233
95 21 9437
12 39 2516
99 98 3074
71 63 926
65 82 9878
23 85 8982
73 62 5613
100 85 7643
17 50 5482
38 23 1298
96 50 7544
45 41 3411
49 19 4615
56 84 8611
76 106 2908
49 86 1734
16 77 2079
89 2 9635
60 93 8186
25 23 4732
42 26 3018
33 10 2516
48 82 3101
32 5 8688
73 36 43
107 33 5021
82 92 4554
93 24 7708
9 53 6784
40 86 6712
106 41 2543
54 93 2572
16 16 7362
63 105 2529
78 11 7295
3 108 8725
20 92 5716
75 17 1145
47 26 2557
105 81 4944
49 94 1339
105 40 3517
102 71 4386
12 25 7260
81 10 4219
58 28 9643
34 47 8555
50 29 8850
7 92 5129
32 88 3716
34 44 1872
92 41 9534
43 50 5842
9 77 9482
7 14 3910
10 64 4272
12 5 4037
30 27 292
74 58 9819
106 107 914
15 107 6118
88 41 8004
14 65 7097
73 83 2763
49 89 5458
52 98 5492
10 17 5416
13 46 9537
14 11 1997
103 24 7735
36 39 8093
40 18 9751
78 47 7095
101 11 7384
80 75 6419
72 35 5425
20 44 2957
80 72 9447
74 86 1607
101 39 7535
73 79 4292
86 64 846
86 72 8262
45 43 5456
107 7 7920
67 42 1509
42 29 1839
63 102 7621
95 44 3422
58 52 6988
59 16 7604
93 9 1692
65 95 7928
64 47 9078
46 61 3763
61 19 5892
28 61 2464
67 15 4597
82 17 5871
9 74 2439
67 24 3976
2 24 3397
17 105 6216
88 76 1400
1 13 5367
44 90 5124
20 9 6793
8 75 9821
21 65 5814
78 73 1089
93 47 1596
108 49 3211
56 81 5196
97 60 7395
93 76 6848
57 11 3056
39 46 5944
98 69 518
63 90 2814
60 75 7836
23 59 4157
42 75 9378
84 22 5192
14 26 1110
35 26 7789
85 98 8995
8 29 2200
64 18 1450
86 80 2923
22 86 1010
27 19 5620
80 10 1301
14 23 4268
23 73 5920
107 66 1626
18 89 8089
67 44 5269
92 37 1404
98 8 3889
70 30 5396
8 72 9102
37 60 6636
86 89 4775
69 3 2497
2 17 6648
16 35 1867
41 100 8603
103 89 1870
11 66 6478
5 89 6585
16 17 3152
53 11 2952
19 95 8676
58 96 6533
54 19 8680
47 92 5736
99 24 2314
79 34 9753
83 45 546
8 65 4117
5 80 9253
76 40 7254
20 59 805
73 8 8990
51 78 1853
63 32 647
99 22 9056
34 8 8487
57 91 5991
53 98 6964
46 10 2091
55 86 8008
90 13 2655
19 101 5362
60 44 7525
104 14 9428
55 21 8333
29 54 4426
53 19 9574
13 71 1839
53 8 6223
65 78 9042
24 75 3249
41 2 683
81 61 4713
91 72 8766
39 18 6995
9 63 3295
94 7 9001
53 36 4660
83 60 7434
34 83 4221
13 31 3970
93 20 8835
15 18 9086
59 56 8535
15 64 4655
41 49 7514
106 10 3137
28 92 6535
43 34 4474
24 62 9605
23 62 7293
82 77 6644
12 43 8669
68 58 119
78 6 166
95 105 8382
38 103 8191
85 38 4233
84 80 295
73 11 8042
92 49 9742
39 38 1689
2 50 1065
21 9 6448
12 87 1134
67 89 8869
6 34 1150
95 11 7107
59 2 1012
56 74 1830
22 73 3533
34 3 3372
30 5 2017
85 25 9584
88 52 7564
5 10 8217
26 16 3066
57 18 8411
17 76 789
72 23 7835
29 44 7575
67 94 465
19 31 1567
19 7 2715
44 95 4026
63 99 7249
78 32 2348
3 88 7513
77 104 8560
29 83 7365
85 19 1970
22 104 2659
49 30 1495
25 74 8238
37 44 2441
74 14 6135
18 32 2053
103 108 5718
47 44 9724
13 21 7484
38 18 2529
65 55 9812
14 104 9769
93 36 3567
51 88 8768
14 53 6754
9 86 591
90 96 7106
75 34 1838
49 62 1037
26 100 2278
104 72 9191
69 101 3343
64 85 9028
39 43 8693
74 57 2749
14 81 1962
17 78 7007
4 44 8029
50 1 809
40 26 8898
47 38 4415
1 106 3181
58 77 3527
75 8 8436
55 97 7187
103 19 2243
37 35 2492
67 38 5233
22 103 193
38 34 6436
78 81 6491
64 81 1752
46 13 6021
91 83 528
69 77 2263
50 6 8652
93 88 8383
104 1 6459
98 54 2332
42 23 9862
7 103 9824
94 69 5559
41 22 9259
77 88 6220
54 30 5773
65 30 5284
21 25 2782
96 31 2240
97 72 973
85 95 3397
62 80 5857
101 28 1880
60 54 8319
101 22 7108
3 91 8908
33 47 6211
43 84 7412
68 71 1124
55 75 6945
65 68 9784
84 37 2976
64 30 5343
80 105 6071
8 98 7269
24 100 9619
84 40 3354
82 98 8439
13 74 9752
81 20 4370
5 84 8991
23 60 5023
28 31 9604
76 2 1995
69 26 3395
84 49 6860
97 40 1329
48 30 3665
99 42 5070
20 14 9365
15 19 9104
94 57 6103
85 101 965
29 68 2405
77 45 324
7 20 1830
35 24 8995
85 93 3188
15 4 3497
89 35 1157
31 36 698
47 12 1932
94 56 1784
50 24 9487
31 46 2313
76 81 9878
68 107 7120
74 99 2479
28 22 7286
106 48 7353
57 95 8208
107 80 8083
25 37 2138
95 67 2183
92 50 6662
96 9 8486
95 98 1319
78 18 8648
80 29 3005
9 27 1909
80 83 3047
87 81 8965
40 14 487
17 108 9515
56 92 9463
82 95 7744
107 97 5553
31 66 2915
99 38 8072
61 62 9016
71 49 9609
82 27 201
81 67 4156
99 99 4127
108 62 843
31 34 3921
11 80 1464
7 71 7261
32 39 1974
99 1 9790
32 99 501
62 71 5353
104 77 4903
70 92 6078
3 57 2378
63 103 5452
95 5 5036
8 12 2944
51 43 598
78 34 1487
30 81 242
9 34 4245
85 46 7148
44 7 1630
65 26 3990
12 88 5137
9 90 623
102 97 6527
64 55 9340
65 25 9659
67 54 7093
90 78 1844
14 6 6213
59 70 802
53 82 5504
57 106 2659
49 7 6894
85 87 3888
55 43 8779
74 17 8194
65 107 7378
106 74 104
84 87 2855
69 53 3291
94 13 2209
99 69 5060
100 26 1626
90 2 3269
43 56 3751
19 21 2975
65 101 4348
81 99 533
74 90 259
34 52 5542
91 58 8644
54 49 9830
40 47 5628
3 89 5377
9 15 319
32 80 5963
84 68 7319
86 49 4034
81 14 3901
21 63 9305
82 61 4169
103 7 4315
57 62 5054
104 64 3439
6 73 6666
90 95 9103
11 72 5795
37 45 2188
20 65 9990
55 54 2994
38 48 7840
86 104 6155
88 7 2790
70 12 3076
83 79 8406
41 87 5688
48 15 6848
84 34 1258
90 88 2878
32 34 1933
105 11 6672
38 7 7468
35 92 8117
104 82 518
92 56 2216
67 96 2113
21 51 5824
35 42 5669
21 23 4116
45 70 3753
41 82 477
32 12 922
29 46 6944
54 58 8376
50 41 1312
105 15 6436
47 35 9544
2 85 1242
7 106 4682
100 58 1277
25 98 450
85 37 9936
43 66 2527
93 11 1297
24 76 6234
102 73 5213
91 27 3923
22 44 792
102 51 7078
4 58 5660
32 25 4820
66 25 6036
48 48 9001
87 41 5930
33 39 518
29 60 7005
1 53 2645
95 72 4716
46 63 5390
2 14 8306
103 62 2804
30 82 2082
6 1 8828
64 29 8465
57 45 8281
9 31 1378
17 92 2194
31 2 9596
27 104 8269
48 65 5992
93 2 8808
77 83 1369
26 88 469
106 43 1613
45 7 7174
36 15 4233
99 48 29
24 94 6195
102 60 8960
44 60 6414
74 70 344
65 83 4848
100 19 1029
71 54 4696
89 61 8982
91 100 4024
1 78 4963
31 88 9349
17 39 4593
20 13 4358
105 86 6774
77 42 9088
91 49 1348
4 11 3415
55 100 5086
61 98 137
52 6 9743
42 69 3431
88 105 3893
35 52 6504
93 71 8988
96 17 8700
107 21 8746
39 92 2842
75 41 4826
56 20 9529
34 88 9044
4 98 6879
16 40 6299
91 24 8331
54 63 4887
28 77 5580
8 23 4715
39 5 1642
31 61 2534
19 94 4915
16 5 3975
106 19 3910
2 87 9546
6 49 3963
102 76 5713
19 99 7705
26 30 8951
74 60 4466
50 79 9723
5 94 9656
73 66 4444
21 81 8669
71 102 7376
92 3 8709
96 21 9834
15 63 5174
63 28 9553
62 77 2503
47 97 6230
36 62 6033
76 42 9791
27 62 5837
64 41 1843
57 40 7441
33 43 5050
92 74 2547
72 28 1573
20 89 4663
45 27 6730
56 78 1751
56 62 1692
27 88 8879
94 59 2862
62 7 9183
23 39 18
92 18 9603
97 37 3110
70 98 8679
70 8 4162
42 34 694
107 35 7394
89 96 3222
17 19 6886
96 58 8220
32 57 3980
11 45 5302
79 6 4688
81 53 1533
68 14 8704
9 71 9158
52 69 8731
46 65 7683
99 85 9007
83 25 2141
101 35 4426
47 5 3692
106 101 6667
9 61 3521
43 85 691
11 89 732
23 26 8812
53 32 6437
49 23 2042
101 15 8393
105 61 5436
23 74 6597
100 16 167
77 33 9012
15 59 1775
33 81 3256
24 25 8759
31 81 6804
89 78 7044
59 8 9824
38 1 1931
77 8 6813
108 85 3630
91 99 9529
42 62 2992
11 38 4977
82 18 4314
14 93 2629
18 38 8171
12 7 4462
36 22 3772
93 4 3157
99 57 3348
78 98 4739
97 67 3767
68 50 4000
25 63 616
98 97 501
78 108 1495
82 51 2182
46 35 4740
16 26 942
40 11 2462
17 107 1223
94 2 6895
8 70 3119
47 94 1686
103 99 2419
72 85 7249
63 58 4572
91 12 8018
31 43 8698
28 83 8807
14 99 4501
82 100 5123
10 15 5651
3 78 1981
75 72 6739
43 35 6517
10 5 8940
28 3 6197
96 34 3026
92 90 1765
101 79 3761
3 104 4404
83 14 6110
72 89 1078
51 39 1389
23 49 8537
52 92 4705
108 95 6214
82 83 5588
47 66 5288
18 58 6536
104 60 7809
97 50 3809
59 29 7801
108 96 2205
83 10 5851
94 77 1730
92 76 2605
30 65 4010
45 19 6334
40 52 4078
6 64 3947
74 68 1591
64 19 8991
34 34 6051
59 25 6123
23 10 2894
95 9 978
44 55 4982
76 99 7683
18 51 2465
47 33 1129
17 96 9272
32 38 7973
61 10 6079
56 104 8724
34 56 7518
1 23 9630
22 11 1464
30 57 7112
13 90 9521
14 13 9655
48 63 6555
15 15 7653
99 87 7845
99 28 8152
46 28 4167
72 51 4817
105 96 641
61 108 9703
21 13 4161
2 90 367
12 96 5878
33 87 2828
1 24 7778
7 5 9996
98 77 6653
16 73 214
99 41 1806
70 78 2284
54 95 8038
100 5 856
69 32 8394
15 80 963
97 80 4496
7 86 1790
21 91 28
60 21 840
18 90 3212
96 36 7445
76 19 393
107 50 6187
7 38 8793
55 60 2378
107 96 9162
67 55 9007
15 72 5576
57 75 4666
101 16 9503
57 107 457
44 105 1820
18 20 8002
87 74 6784
25 88 9741
85 30 5111
36 96 3104
98 90 4155
9 82 7534
87 46 9684
75 105 581
4 14 4351
94 8 2327
28 48 1044
74 25 8946
99 76 6708
86 97 5169
53 103 704
95 3 2341
59 105 1754
38 71 7754
14 74 9691
8 76 6360
92 11 1718
46 84 4928
46 90 1538
48 68 2137
84 28 718
102 30 5110
1 105 4819
53 34 1881
102 47 4952
89 55 6780
108 99 8890
50 52 7188
82 8 566
11 91 7713
42 84 5949
76 100 9644
14 45 66
22 54 956
12 34 3503
45 8 5831
4 73 4019
52 62 7635
60 73 3431
3 6 526
83 81 7590
52 2 1631
70 40 3565
26 51 4668
53 20 9715
24 80 2009
94 83 9639
52 101 4499
71 103 7744
82 94 8993
84 53 4645
22 30 4999
29 55 6589
86 15 7776
27 39 7963
98 40 7622
26 55 5523
76 69 1791
50 42 5401
13 33 4290
86 54 8522
89 99 637
51 76 4134
32 10 5378
92 108 3364
34 25 8944
2 55 4503
70 38 306
40 87 1623
12 100 4464
35 93 2040
104 73 9498
11 16 1508
56 63 7781
32 63 1912
47 96 5120
24 97 9969
108 74 9376
44 6 4250
53 33 3582
99 78 6138
92 104 2533
69 52 8977
56 83 5016
99 60 9011
86 59 7887
19 10 1437
38 63 5060
64 65 4630
90 55 8667
80 55 9392
94 86 3428
40 51 5480
81 57 9202
35 50 9099
47 68 8638
95 13 7861
52 76 2814
107 57 8698
23 45 3433
27 54 8524
6 55 4917
67 2 4524
56 82 2465
13 9 292
12 71 8961
52 57 1144
47 16 418
106 14 1967
19 37 1928
95 79 1252
84 59 2592
18 7 9475
7 19 3325
62 46 3609
77 97 183
104 51 2851
6 48 3081
89 83 4285
88 85 8729
14 60 9499
65 93 3644
90 8 366
46 69 8763
73 53 640
48 64 2275
70 70 8062
90 50 6702
70 66 45
21 45 1360
71 75 2401
79 44 770
12 90 9272
6 54 70
97 9 1142
38 78 6069
26 76 5236
5 37 5317
83 73 5981
30 36 2471
52 107 7377
58 94 1760
78 19 4114
10 60 8663
26 105 7162
39 96 3013
97 33 6583
29 84 7372
8 49 9022
49 105 9511
13 25 9335
1 50 5227
66 51 6831
60 22 7325
1 11 9202
102 55 463
93 78 1961
69 15 7629
57 79 6742
80 107 9367
88 65 977
60 55 9683
44 22 5995
35 31 767
30 31 2240
73 99 8903
67 64 8118
58 35 5578
68 104 3731
74 56 6180
101 87 3472
45 42 7617
14 22 865
106 105 8576
76 54 265
28 35 5264
103 96 386
42 71 2458
35 36 749
9 105 3492
15 42 7608
35 71 8476
78 68 6888
92 51 9585
32 79 4354
38 89 4168
88 23 6840
25 73 5217
18 14 3713
4 38 8216
3 52 7913
60 102 6625
46 72 4836
28 71 666
63 11 1273
5 43 7742
40 67 3612
19 84 770
57 88 4270
107 106 7885
91 57 2397
53 10 252
98 37 26
44 64 7713
15 68 2859
7 16 3040
88 50 5842
90 14 176
21 12 7949
3 102 8355
73 52 2540
6 29 4374
57 73 2889
3 1 7721
10 105 7678
8 86 4253
93 107 7244
83 17 6146
38 27 7585
95 100 7978
96 105 9572
12 54 5223
83 24 330
37 27 4217
99 36 496
25 59 3099
57 59 4715
100 33 4811
60 87 5782
66 73 9463
15 76 7462
74 77 4305
26 5 6885
82 52 8182
55 108 6080
27 7 8928
77 24 4406
99 54 2607
25 62 2475
38 53 2875
83 62 4963
86 51 2422
24 13 9504
19 55 6619
63 101 6747
101 70 639
103 76 4689
72 100 52
51 27 3533
106 64 3880
74 54 6891
84 32 3062
21 71 238
81 89 9967
39 60 8646
78 52 3637
33 63 2821
57 26 6824
34 93 2152
39 90 6272
19 71 6072
61 46 5671
60 82 6416
72 54 4387
47 108 8512
50 34 6455
53 90 448
79 31 8325
30 104 8796
15 23 3863
101 95 5373
76 33 8792
1 46 5616
10 95 3318
54 41 4966
42 63 5660
12 108 2550
79 45 9725
78 54 3310
23 21 7993
37 47 3396
32 19 3736
7 72 266
29 22 8300
28 49 2530
37 25 609
102 103 9789
2 3 1418
47 2 6764
45 55 9564
45 86 9437
99 92 3665
101 13 2156
12 92 5919
106 85 9215
28 105 393
3 106 6405
106 44 6047
29 104 6515
15 40 2710
19 46 1217
2 38 1749
23 2 8383
92 30 5253
61 27 9628
57 54 1237
33 56 3385
28 69 5650
24 5 452
74 35 4351
101 69 9499
3 87 9328
42 1 554
43 92 7288
12 60 1723
40 73 1127
11 100 329
42 15 4852
69 88 7424
27 96 7484
46 99 8695
103 48 4796
54 106 2428
49 10 7509
71 107 4003
53 54 719
107 64 5642
12 14 7986
83 16 7186
4 61 9550
103 72 3106
18 33 6235
24 81 5774
105 59 9768
103 4 1037
34 13 5945
34 59 8850
30 33 6030
13 52 148
2 62 8949
38 79 4571
87 102 4301
38 98 1443
2 108 9643
4 80 30
87 55 1613
62 100 8249
68 4 8741
56 58 8500
9 37 4990
59 90 344
60 91 3312
63 2 1447
100 102 3556
25 96 9207
24 65 2664
71 24 2695
61 50 431
4 13 561
25 21 901
55 96 5643
90 47 7720
33 17 8170
40 8 1537
67 48 5348
39 65 5299
40 17 7616
45 36 7518
87 36 1845
78 107 5744
75 66 9354
50 84 656
63 15 6918
17 60 5143
91 59 664
77 50 54
83 44 5237
26 9 9525
33 52 326
72 71 6558
103 87 2070
61 69 410
2 54 5641
73 28 3407
87 53 4593
17 40 1686
70 88 9224
60 69 3688
23 43 6397
94 11 9776
24 28 8506
58 79 3892
105 31 6610
37 63 2993
38 40 2394
90 100 1473
58 17 2466
5 55 3874
39 57 840
49 80 4026
20 99 5069
18 64 9205
84 60 7541
5 4 4445
43 38 45
82 4 800
61 8 1545
98 46 1187
53 94 3299
19 5 3521
102 38 6842
79 30 9437
86 50 7091
48 29 4655
66 87 9768
74 76 9285
7 28 6746
103 33 129
54 85 7628
85 12 7749
14 21 1170
6 99 8615
73 76 9861
52 32 9482
71 97 8291
19 78 2505
95 85 3008
90 40 3249
4 17 9434
47 30 463
102 83 9645
104 45 1099
85 80 8188
34 82 3295
26 43 9545
66 40 9708
19 14 8861
29 99 9319
51 108 1365
27 103 3747
100 80 4654
34 5 6535
68 46 7718
88 19 6750
39 102 4422
23 28 6901
36 95 8521
8 15 6315
27 81 4890
60 99 6374
69 40 3244
16 86 7601
96 32 6755
51 54 1076
39 47 4031
59 67 7351
90 18 2695
91 103 8249
5 78 5727
87 93 9419
80 97 9035
82 39 6910
96 42 6653
19 75 6474
65 6 8858
41 61 7572
83 80 3807
84 58 1893
77 46 8055
102 19 6716
89 6 6359
72 41 3923
90 105 8885
63 4 4554
102 61 4658
66 65 3988
41 55 7370
76 30 567
4 15 1179
12 8 7543
75 4 2317
86 91 8108
64 89 4971
47 43 6934
18 52 1351
49 25 5661
31 65 4951
108 33 6528
26 52 4560
98 64 4917
96 46 6090
7 39 6316
51 103 5232
15 57 8532
90 74 6133
25 76 838
95 75 8797
87 9 1378
92 14 8216
13 1 7611
104 103 9433
77 18 813
21 58 4802
11 39 4459
107 51 359
48 4 652
16 91 699
61 47 3940
104 31 5098
69 67 9833
1 21 3098
23 31 3001
97 73 4484
33 28 7070
7 54 1342
53 85 4112
94 53 3913
19 49 8459
101 9 1775
25 9 9443
8 31 7098
30 84 862
89 89 7369
2 35 8446
9 87 2336
106 73 6916
17 16 7885
1 39 8048
31 84 6042
78 61 7823
64 62 4203
12 86 8481
59 99 8193
35 55 443
91 16 1908
27 49 8756
72 12 8883
70 89 9680
96 61 2863
48 88 1356
86 38 851
106 87 6211
6 26 3892
45 52 9329
14 105 9621
67 68 7212
92 45 1052
31 79 4444
63 57 6361
102 53 2786
87 66 307
60 39 2965
64 52 7198
71 27 343
73 10 9297
87 94 5052
54 16 225
15 95 6462
41 98 7153
31 92 5538
45 59 7952
19 15 4735
6 85 9288
60 65 3661
66 43 5950
104 96 2183
21 19 3715
101 48 1397
34 105 5236
31 27 9862
23 87 749
52 106 7225
25 3 2078
40 78 936
80 51 8015
105 47 1853
38 67 6893
96 75 1080
42 108 7196
84 47 8714
18 85 5650
27 28 2551
33 69 9778
48 16 7675
18 96 5539
64 37 9708
6 25 5865
26 91 7548
33 9 3082
90 12 9545
96 30 6587
45 76 1060
56 47 5147
41 53 5727
97 87 3540
102 27 6606
42 79 3799
67 60 7194
58 108 1330
8 71 3518
87 4 4353
6 104 6496
98 79 7142
63 67 6587
101 60 8900
72 9 8213
99 75 7469
29 105 2761
21 70 1210
72 78 1236
77 56 5710
27 78 8916
40 83 8121
42 30 1602
94 43 392
81 63 7086
66 42 7397
13 69 4782
99 108 3362
63 5 1166
93 62 3317
74 91 8003
64 60 5859
20 50 6212
74 7 933
68 65 442
23 72 826
61 26 3215
28 11 7360
39 84 8998
59 55 9506
60 34 2297
11 96 1093
49 71 2472
47 93 4766
44 46 7678
61 89 5600
31 19 3297
108 77 7273
25 28 3225
71 42 5840
31 68 9029
60 24 846
29 70 9235
85 21 7559
58 20 7152
33 19 2907
94 62 105
45 64 4175
60 2 6609
61 61 9288
41 105 4234
21 97 691
51 12 4629
90 60 6888
98 45 6065
74 106 5347
78 42 7030
31 9 4411
67 86 5416
19 18 7265
57 38 3140
37 57 351
103 38 3747
94 44 8182
55 9 7441
9 40 5437
27 15 2208
13 49 7488
104 105 2096
78 50 6407
105 51 7791
69 105 9535
46 5 2373
65 13 3644
108 55 9956
20 67 599
71 62 4594
75 94 6836
11 79 2743
108 76 785
49 36 5443
78 69 8859
106 88 4109
75 68 191
40 46 3409
23 12 6065
62 38 8511
41 37 6075
87 101 8520
100 70 8292
67 39 3714
103 37 8596
98 19 428
29 96 1139
73 65 5721
103 106 4622
100 100 5631
24 45 9867
46 37 1285
32 103 950
37 73 9699
87 82 5609
58 67 3139
17 90 1842
89 43 6853
9 73 7777
41 104 8239
90 48 92
13 58 5161
21 35 2732
9 1 9818
4 33 5622
43 13 1848
11 42 1536
4 50 6817
94 106 4707
86 88 378
43 100 5133
8 38 1694
39 58 8945
52 82 9926
40 85 5015
9 36 2496
42 65 6758
43 67 3615
24 44 6753
85 86 9037
78 2 7859
94 107 3784
81 54 7954
8 62 1093
55 98 6887
51 47 2272
4 89 8186
63 21 9705
54 90 4489
28 104 7172
76 105 868
97 93 5395
2 100 7956
51 46 8818
42 8 9525
58 95 7163
43 40 8213
13 84 2575
54 67 3937
94 88 878
8 6 9889
30 47 2244
32 21 6225
70 94 7003
12 28 6779
86 1 7313
18 1 5428
58 3 4130
3 103 4317
19 3 4394
26 14 1314
89 73 6283
18 50 8056
30 67 665
3 32 7921
80 45 9364
79 42 3813
82 44 7110
24 74 366
47 22 3350
108 39 3658
61 68 8286
15 87 9460
94 58 2806
8 28 706
103 18 7794
100 41 4735
73 7 1759
36 70 5623
55 69 5922
106 52 2688
105 53 7128
31 70 5065
83 92 4794
99 72 5348
64 107 2472
37 1 402
88 56 3870
59 86 3175
47 60 8589
108 35 479
86 41 3314
103 105 3681
81 46 6513
36 104 7049
27 70 411
89 86 9456
43 36 233
67 99 9347
76 98 4699
69 91 7203
25 102 8619
18 17 4140
64 44 466
35 18 982
102 93 2454
19 69 1894
54 88 4776
85 105 3136
4 77 4646
8 99 3008
9 96 7040
96 15 3778
34 49 6394
70 59 3478
19 93 5509
58 69 5799
91 31 9612
105 7 5044
27 26 9141
9 33 2316
10 42 6954
28 45 4095
88 94 2388
74 73 7829
20 38 6878
59 20 113
92 32 5266
30 75 4895
11 27 2849
64 22 2913
74 2 1131
49 76 4702
101 3 5520
38 77 6654
85 14 493
100 74 4144
39 61 3676
35 88 874
91 43 9516
24 24 5996
27 73 3792
10 81 8412
30 10 7237
86 30 1463
59 13 6714
27 51 778
10 101 6859
35 99 636
82 14 4493
39 56 7524
86 65 5976
79 88 7796
81 77 9708
97 28 520
94 70 1280
44 79 6690
96 5 2766
83 87 2417
79 86 8727
68 56 6914
85 28 4306
68 2 748
80 49 3952
89 39 8194
20 56 9504
72 34 1026
49 101 8468
21 78 7047
69 93 9221
37 68 1705
89 37 5276
4 25 9957
47 21 4802
68 40 9050
29 61 7061
15 41 7974
29 1 2811
93 13 4391
97 10 5057
69 29 9255
89 75 8169
39 34 5796
77 62 3659
54 92 3879
97 102 6766
24 23 2399
44 37 3500
60 26 7048
77 94 4187
10 20 4769
19 97 7492
104 58 1425
26 85 6047
55 20 3833
44 100 1755
62 67 9934
89 101 5006
67 27 3338
53 50 3007
101 91 2416
79 53 5440
21 66 8924
35 6 4789
61 3 7049
49 99 5772
49 59 9771
94 67 6502
23 37 8364
80 21 8856
52 41 1028
91 14 1927
72 64 7322
36 16 5630
100 31 3201
12 35 34
98 20 3059
74 43 9485
103 30 6311
28 98 6871
3 80 9519
5 85 6575
40 71 6749
81 76 34
79 41 1147
6 36 275
77 63 5313
80 81 8351
5 44 8222
27 85 7787
76 66 689
20 105 7354
90 93 7555
87 64 9376
35 85 8016
10 40 7588
71 60 3057
82 68 805
78 94 9626
50 78 1141
82 97 4457
107 94 9607
84 72 1235
9 14 7241
93 57 7102
39 66 7689
60 17 7500
10 2 1654
75 52 9136
95 38 6033
61 38 2120
96 93 258
78 66 7213
103 34 4375
104 59 4619
90 25 8898
45 106 6319
96 6 5818
40 34 6531
55 36 6254
100 4 7747
78 99 6507
45 68 3286
39 79 9556
82 74 7706
6 7 1246
34 10 3814
103 103 8227
7 80 9067
85 16 5893
6 60 9939
25 78 9478
85 99 5297
20 47 224
40 42 1901
94 93 7285
1 108 4209
41 28 4801
51 34 6228
42 74 4692
103 50 7508
46 27 7304
62 82 6632
88 67 8399
101 19 1934
23 75 3444
107 17 5842
86 68 7124
96 37 7778
54 82 7586
59 35 1223
28 30 6915
74 38 6375
35 30 253
102 52 4440
89 66 8063
33 23 1062
35 108 4495
102 3 6824
83 57 7940
91 23 1231
71 50 8595
10 32 8903
91 66 650
82 75 8043
55 72 7467
44 104 5149
106 30 8944
35 39 4779
108 14 8397
46 104 7103
34 66 7529
68 92 8073
31 74 3834
23 64 137
98 10 2008
92 67 206
53 102 7047
32 101 427
84 55 1095
49 104 7109
80 63 133
69 23 252
71 12 6784
51 33 7872
17 84 885
94 47 2284
52 68 115
58 45 5366
19 23 2406
29 100 4648
11 8 8689
2 84 857
1 1 4293
55 2 4520
104 44 648
107 3 749
3 60 7075
30 94 2928
68 83 7150
46 3 8194
56 29 7848
42 46 1577
50 46 2970
41 8 3122
94 3 724
73 2 4327
11 20 469
10 49 9401
46 8 9490
23 17 6078
38 58 4366
28 108 7597
41 57 2709
16 21 3896
85 47 4348
67 10 7876
95 56 2057
17 95 6618
107 24 3416
7 85 579
93 49 2561
9 41 247
36 69 3055
19 28 5494
103 61 1750
26 3 137
92 54 7548
30 73 1444
88 108 2093
76 102 5115
88 46 7908
75 79 8070
39 24 7855
51 45 8389
4 86 6734
12 85 5653
25 91 5621
62 54 2047
26 33 3791
76 16 5138
34 54 8248
94 104 6042
41 15 4244
22 43 9935
56 55 9336
71 80 7940
75 38 3624
106 49 27
71 32 3064
22 66 5916
88 51 6260
101 20 8988
106 20 3520
75 21 6576
6 18 909
93 104 6007
87 33 9942
42 12 570
100 9 7858
12 12 3026
106 1 7462
62 106 9056
92 2 5304
95 104 3446
72 37 9314
83 28 8951
108 17 6600
61 28 5360
89 41 6151
62 11 5329
98 93 5587
51 92 3066
15 94 3601
11 57 4690
18 47 4176
49 47 5963
79 104 7208
46 73 8676
95 40 8647
72 107 4634
51 13 2513
50 57 7510
11 106 4638
8 95 2578
48 58 6181
108 60 9155
76 23 5767
27 89 8155
72 21 4513
65 86 2572
98 83 1989
106 106 6890
17 83 3717
108 22 964
50 38 8313
31 5 4518
48 75 144
43 88 9198
38 104 3268
81 12 5773
88 61 6843
44 8 2087
37 24 6570
51 71 803
41 97 2294
51 23 7265
18 82 1034
15 27 7760
78 15 4484
100 57 7204
42 100 9704
31 28 4624
30 78 6477
46 77 6304
59 17 6366
102 72 2512
89 64 2280
74 13 8715
82 60 7624
6 105 3713
108 8 8705
106 69 2571
29 97 8695
66 72 1839
54 62 2043
63 43 9490
63 17 6156
90 38 8609
89 69 7568
38 97 8320
92 62 6536
22 23 7452
46 85 295
55 37 238
40 31 1604
107 93 9733
4 22 6678
106 40 3896
95 23 9446
25 60 5839
31 106 3773
37 43 686
47 98 1003
65 50 9334
56 67 6394
34 16 9916
24 96 8895
53 24 5128
25 71 7223
72 18 143
48 79 9799
62 23 3977
28 73 6962
23 96 3797
6 56 9246
60 16 3048
17 51 1284
39 93 4315
7 56 5655
57 103 784
52 56 3891
32 100 7653
27 30 9007
42 35 4659
74 64 2470
95 102 4704
62 16 6649
47 72 4699
18 31 1449
11 62 5769
93 105 741
54 38 6839
102 9 7612
15 104 1865
51 69 342
61 56 4825
39 9 619
7 88 5858
105 99 9079
83 53 2584
9 67 147
89 25 4283
17 85 1024
62 15 3101
30 102 6168
86 108 2593
33 12 8390
95 10 8075
79 99 6164
39 23 7248
3 37 2322
5 15 7658
3 79 6653
36 90 8965
100 76 5155
69 76 7072
57 94 8243
54 99 9040
50 9 8486
43 108 4078
57 108 8216
83 54 4195
70 96 9568
5 83 6556
81 8 1172
5 61 1232
35 2 7775
49 9 9758
29 107 4753
20 16 7305
8 85 3908
71 105 3890
7 102 4926
61 106 7495
12 48 9863
64 6 3432
39 54 1692
14 98 1472
41 25 5195
65 32 6573
91 10 763
108 72 2260
60 95 6555
51 63 3474
102 74 3638
63 46 7115
83 84 4819
58 18 8749
31 16 224
8 91 9738
8 34 7118
5 27 7172
33 89 6092
82 79 5689
92 97 7305
91 81 5692
6 46 6573
76 93 7020
47 1 2506
106 25 5945
58 48 3845
94 91 1793
2 74 1989
64 46 3688
71 108 7594
92 13 4196
96 71 8465
41 51 7039
13 11 1973
105 12 1964
78 36 4448
10 16 9473
95 96 7239
33 57 5460
8 101 3398
17 21 9715
34 17 6081
107 45 1240
50 3 6947
41 52 7022
44 102 4202
26 1 2331
57 33 8274
7 66 2152
104 56 1369
68 38 4188
18 103 6386
26 35 8723
106 78 6977
22 84 3668
67 106 2699
21 88 1832
33 60 2899
90 71 1928
17 46 9975
91 64 4281
75 89 4394
3 86 5775
31 7 1042
76 28 5175
94 23 6851
88 53 4044
80 69 1291
23 35 4493
82 66 1475
59 49 3597
104 108 9134
53 2 1821
90 28 578
61 102 8814
89 27 5433
35 106 2069
7 95 9368
98 56 2996
43 106 3643
23 56 1633
17 3 5899
44 53 7318
21 32 9589
10 45 1487
17 88 2016
50 30 4580
106 33 3224
63 71 9237
5 39 8477
84 51 4935
26 97 9808
44 25 3530
101 50 8399
67 66 6236
46 24 782
24 21 101
77 99 4589
77 36 9678
79 40 4422
57 16 888
77 57 8443
47 100 6071
64 108 5184
2 82 6220
32 42 7860
21 10 4385
59 52 8423
95 54 9761
93 55 1275
58 27 7251
88 74 2682
108 3 2332
71 23 3578
108 44 4392
106 7 8702
3 9 2941
24 9 7088
2 88 8963
30 37 9347
24 32 8341
60 47 3697
13 10 1928
69 83 621
69 99 663
105 4 496
24 46 2932
34 108 525
29 40 2606
93 19 8132
9 64 5682
75 76 8978
28 44 1618
33 48 8994
62 93 3534
47 6 1461
78 7 5106
10 25 1213
40 33 4678
77 108 1477
9 38 1893
102 13 1068
87 62 9043
95 77 8697
16 46 5578
14 3 5129
83 103 3390
67 81 9499
94 90 1922
43 68 2343
96 35 3043
53 48 9469
42 58 1220
46 48 7271
103 22 770
84 65 6954
29 65 7389
56 28 7614
20 32 2741
54 84 817
91 33 9683
38 72 4529
42 97 1266
44 88 3678
20 90 9225
42 11 3212
4 82 2754
28 101 8174
100 60 6415
79 65 8191
104 10 8154
5 95 4777
31 98 3967
100 18 6666
92 12 5917
75 3 2773
106 81 8451
106 93 1807
69 27 2026
53 45 5606
15 105 7918
67 17 4340
55 53 7171
84 35 4552
64 32 617
16 29 7763
85 6 7357
65 88 4018
87 63 3988
80 7 6948
17 73 6188
75 64 3242
43 19 3228
108 34 5921
32 30 9185
7 89 8596
79 76 5912
14 61 8774
2 93 2267
58 59 7054
41 9 2743
23 57 5061
87 89 7104
100 56 1103
40 62 8180
27 79 6985
86 44 7716
101 85 4925
27 64 811
2 86 4718
32 71 5658
14 48 2120
8 103 1027
94 21 9239
56 107 2947
12 33 4541
65 34 3159
66 36 5463
79 83 2221
39 53 7875
76 82 7860
54 105 4414
16 90 3148
33 20 2081
1 31 2078
48 95 2012
56 68 110
35 38 3475
84 76 3210
76 5 3494
66 92 3014
77 32 4356
78 48 5305
4 95 8252
88 42 9499
6 76 4629
7 51 6136
91 69 885
25 36 995
62 104 7492
97 61 1201
57 15 4473
69 18 5548
83 13 3032
57 19 2385
69 41 7411
64 23 5985
10 63 7548
68 17 6516
69 21 4452
70 79 5595
103 43 2025
49 102 5824
81 50 62
81 26 424
55 105 8537
97 6 8184
66 89 8110
105 27 1949
99 21 1650
94 24 2492
93 70 5620
14 44 2539
75 90 7725
48 102 5544
7 108 7896
30 54 6237
43 55 2389
14 37 4837
82 67 6264
1 33 1024
1 96 8737
28 103 5002
91 3 3422
48 32 8234
73 91 5263
13 104 4568
88 38 6572
29 89 1397
56 79 8805
84 96 5124
37 31 6979
5 29 2543
94 92 5634
21 56 2464
34 68 777
83 64 8435
93 108 1756
7 63 5306
81 7 8178
74 27 2363
69 13 277
28 82 3136
64 56 8471
29 56 3574
99 13 36
74 46 12
87 34 6452
55 107 8440
50 67 2564
29 86 5474
80 5 5598
19 11 1442
54 57 5
68 22 7196
69 17 9722
76 87 4564
1 44 5843
63 89 9195
80 60 8666
40 95 8310
49 5 1838
102 59 6716
70 34 7215
83 102 3386
38 69 1825
99 86 8058
47 61 4188
3 11 226
43 71 5471
6 108 3440
40 15 5990
4 53 192
107 46 7380
65 27 9305
43 29 5200
95 48 1904
72 91 1360
43 96 1708
7 43 9093
67 101 4867
105 36 5863
71 51 5798
49 65 3998
101 73 5874
26 95 7741
81 41 2222
55 27 6352
68 98 9030
33 11 2320
44 84 8831
19 73 8132
100 65 4496
61 107 4527
103 12 1439
62 41 5178
72 74 6106
87 98 9753
75 49 1320
4 84 4291
87 75 1608
10 43 3397
43 30 1916
25 40 6524
5 50 3672
55 90 552
76 85 647
58 70 4685
17 49 4334
41 74 6744
78 9 2820
102 49 3201
28 53 7984
52 95 6686
38 9 8930
73 104 662
64 53 7616
14 86 1092
70 18 4001
45 3 4034
81 104 6035
32 40 3025
48 91 1085
83 99 8558
7 45 9968
15 25 6651
73 88 1508
108 9 8829
100 78 1806
22 3 8410
51 51 3643
24 98 4785
55 16 4452
106 104 5727
102 12 4682
74 3 7233
96 59 8541
104 80 4590
15 22 6998
58 61 5332
7 59 9440
54 52 6271
96 43 8546
106 24 7756
10 11 6543
83 2 9365
47 77 1772
20 22 1158
8 7 4220
3 7 9980
16 33 6479
87 68 2630
37 72 8426
8 47 9093
39 13 998
37 59 3613
45 102 3942
16 1 1836
45 4 3056
69 14 5711
106 58 5026
27 4 5792
80 40 5183
9 55 6113
56 7 4739
37 67 5892
41 56 6070
89 93 2072
64 90 1488
85 24 9429
26 11 6893
58 19 4067
65 85 8068
79 18 8940
20 94 5408
97 90 1682
8 45 6188
100 37 8020
104 79 1342
39 28 6598
44 87 1648
39 49 7267
49 100 6690
83 15 6079
70 23 9552
38 30 3829
46 25 6281
64 79 8927
8 14 1047
54 69 5910
55 33 1421
33 97 1889
67 52 8052
105 106 3201
88 43 7346
41 14 7379
22 37 533
36 53 3070
22 53 4964
98 17 3378
81 83 6920
102 95 1778
45 75 9135
28 23 8752
89 60 1973
72 72 7281
31 107 3526
22 94 2328
17 23 8795
4 28 8145
4 1 9620
56 102 1192
105 54 8268
104 81 8713
24 78 1456
65 1 3631
95 34 8529
70 37 4119
60 40 6034
57 96 745
24 108 6196
65 104 4990
36 35 9250
62 73 1516
55 29 6249
97 101 5686
23 11 8158
46 21 5118
107 82 8475
38 44 7008
91 4 6957
32 68 6896
13 99 900
104 91 3321
103 21 2430
97 79 6938
34 32 9883
1 30 1971
40 84 6073
7 84 9240
105 35 6993
3 47 4435
47 57 7892
10 62 3936
51 95 1816
97 95 9460
26 42 1165
12 64 5179
34 102 7695
106 6 608
16 42 5510
68 81 9610
95 107 7669
1 59 6491
34 73 2689
101 57 5385
31 101 6318
1 27 9500
48 51 3452
81 66 6472
8 41 2116
68 27 9618
94 33 6385
100 75 9407
104 63 9641
57 70 8611
75 30 9445
15 31 3310
73 105 5383
101 12 7341
69 73 4677
29 5 1823
16 104 3713
40 45 6116
73 25 6704
47 29 8733
97 25 9980
49 16 3007
71 72 3268
82 30 6258
67 70 7770
78 71 3075
66 94 3603
57 34 9845
55 67 3905
99 89 7082
33 46 8955
8 20 8559
10 102 2418
65 87 9454
7 64 5928
98 21 2079
29 94 4784
99 40 2751
95 64 9878
54 54 6645
16 102 751
75 43 4566
27 107 7901
52 11 4563
40 55 4179
74 47 509
6 100 3359
43 8 9515
26 59 1877
24 56 9482
84 15 9535
57 55 4288
30 40 5167
59 22 6077
27 43 6157
80 85 9323
98 34 1415
3 61 1317
30 101 21
77 76 1871
27 40 2112
46 70 5527
2 20 8030
19 63 6335
28 50 8670
60 68 8948
76 73 7650
60 105 5425
103 39 181
78 101 2111
68 39 5039
77 7 173
79 82 1719
22 46 9973
21 27 3487
16 38 7764
30 39 5255
77 106 9712
78 65 1604
26 81 9028
42 9 9781
55 24 4355
55 11 7898
90 87 425
27 56 3521
35 75 5856
33 13 7961
36 65 7486
85 90 6934
101 23 2972
35 77 1022
23 90 1266
79 36 5144
66 17 1603
65 60 7578
21 94 8110
86 62 4277
79 54 105
50 21 8447
81 102 9578
107 59 1958
79 79 7188
50 13 5521
33 94 6633
80 88 3911
16 58 6384
67 45 3833
10 72 5359
42 13 7404
17 2 9450
9 108 3503
92 94 1500
53 52 9297
47 84 8021
35 72 5156
84 3 9369
32 44 5578
85 44 9152
52 50 5685
89 85 3416
13 77 2728
102 80 5309
19 106 5115
41 41 8247
16 65 4920
60 25 835
29 21 9908
69 34 1461
90 62 2894
39 85 1966
22 33 1241
82 3 1652
65 62 1838
6 90 8744
40 61 2148
20 58 5789
13 4 4422
70 25 8997
76 48 4358
61 25 9245
46 97 7956
81 2 3810
93 87 19
60 70 6409
26 39 2581
36 57 6617
48 18 3266
44 96 8201
89 91 8278
11 44 8535
98 16 1865
80 16 232
87 76 8042
34 9 212
81 80 4834
81 21 8001
84 106 6356
34 84 9777
38 25 9524
4 45 6425
8 92 9556
103 85 6912
84 104 4055
18 21 6258
29 74 2491
23 66 1882
105 73 7805
1 36 5126
15 30 539
66 22 5744
35 10 2605
16 43 9771
97 88 8450
57 9 1068
12 21 7996
34 51 1156
93 25 3454
40 59 9770
34 81 6665
9 88 1304
21 100 1061
105 82 6533
82 7 5221
68 47 2568
79 52 433
25 26 5072
58 60 8977
12 38 2744
107 100 2561
106 29 4312
36 19 7662
66 61 2693
19 72 7984
60 62 6186
21 87 3279
9 20 2317
64 105 1549
99 5 8925
82 24 6186
27 83 8477
9 103 7863
99 59 4300
72 80 2972
103 88 6448
86 43 8323
86 100 5137
35 8 4683
23 36 7562
75 44 4622
89 34 8161
95 92 1258
48 14 1685
48 7 5247
52 23 1475
80 74 9933
98 96 8391
92 58 4460
61 76 1394
92 106 5747
11 1 3002
81 64 4705
14 70 4975
58 41 3399
78 27 1412
56 87 4718
61 86 1357
57 5 9356
68 101 5459
92 52 1753
101 30 2626
43 46 4696
97 71 1895
11 40 425
105 28 6752
89 95 1434
12 94 5596
61 17 1323
72 25 3251
31 83 2898
19 87 7072
66 6 1080
47 4 7796
67 61 7200
39 41 218
100 69 8738
36 64 4127
8 11 4699
107 14 4542
83 32 5408
107 39 7001
47 47 363
69 25 4936
102 28 1034
16 19 2243
41 1 7010
22 52 459
62 59 2503
51 73 6159
92 63 3859
62 61 90
105 84 3957
80 93 8328
108 41 8884
41 62 6595
29 82 46
9 35 8888
66 45 9489
42 88 5199
99 74 7111
42 44 6052
6 89 8030
39 91 3871
29 48 1250
101 89 6224
75 32 7470
65 76 4576
74 31 5804
37 104 1751
55 50 4259
42 42 7299
33 74 8135
40 30 3144
52 37 2350
32 18 5996
100 55 5710
86 63 6343
59 66 2821
49 74 3839
95 14 3100
49 53 4552
56 44 4669
64 36 8998
52 25 8331
38 39 2164
95 89 4526
81 45 4711
55 101 9058
16 56 3792
47 14 1470
102 48 6125
41 68 3887
17 54 5784
22 26 1237
79 29 1804
57 84 1419
42 54 7813
27 105 6705
4 54 8185
50 107 828
12 57 3467
78 26 6972
26 38 4141
105 80 7961
107 15 6115
33 92 2722
40 88 4845
99 71 4793
26 26 2052
75 2 9306
85 9 4867
57 39 9498
43 41 3190
26 98 3747
35 87 2552
81 4 3008
6 95 237
30 71 5589
19 35 2149
37 91 5488
39 25 5250
52 17 8063
98 32 711
107 84 9163
19 26 3678
14 31 8540
29 64 7142
46 34 8789
26 58 8347
39 50 1919
51 49 7419
88 2 8037
49 6 3952
102 23 3785
56 57 6031
86 86 3242
40 23 6842
62 68 1816
91 93 2168
5 24 1631
103 90 4109
69 69 9598
78 25 6164
96 18 3124
44 74 8652
53 106 8973
44 76 2552
73 78 3565
20 73 8558
31 33 8905
60 18 1694
74 81 5490
94 6 679
107 58 6074
51 9 8820
46 92 6124
76 92 2437
108 31 785
100 90 2575
17 55 4626
97 13 7353
51 74 7100
79 7 2872
77 98 1045
54 97 4144
64 88 4933
33 15 3962
39 19 4639
53 56 5967
61 49 8818
34 48 3233
97 3 1138
15 102 9604
97 42 9312
34 80 7917
91 26 4240
50 92 2649
45 21 5154
78 55 5937
107 74 2366
80 78 5152
68 3 91
71 6 3998
16 55 4521
16 61 312
33 90 311
37 4 7443
42 2 6524
57 98 2831
96 73 1906
31 53 9971
12 63 704
49 79 3777
45 79 7284
73 55 6358
35 97 6294
69 61 2620
89 48 7811
96 79 6622
39 81 4877
13 37 1373
79 97 8937
18 83 1144
63 63 7091
3 97 723
68 74 5985
31 54 9613
65 57 1697
60 67 5185
86 105 5659
94 29 5730
65 91 6080
9 23 6364
54 103 517
85 55 5729
77 48 5724
72 22 2785
104 71 690
16 72 6722
10 28 7251
3 36 5588
29 45 3891
93 6 2938
13 91 6187
15 75 6422
14 38 6936
91 73 7426
61 31 3399
47 49 500
19 90 339
88 26 3526
57 90 8199
39 73 8812
65 41 3818
108 19 4852
54 59 2130
5 93 8661
69 63 2398
37 100 9692
54 64 2750
43 10 8292
88 90 3571
26 20 2742
12 93 5017
103 46 7224
81 22 7575
105 20 3692
91 62 5168
58 57 1190
97 76 9141
39 10 4198
56 38 8637
41 32 5962
1 20 3724
40 27 8613
87 21 6178
98 94 7447
90 66 2572
8 108 1847
18 55 7725
105 3 2579
52 20 5001
5 75 554
47 53 511
16 31 6039
62 36 7015
72 33 8590
24 26 9568
67 49 4273
104 66 8817
86 78 8216
39 42 8740
5 104 3608
18 88 9711
28 67 8886
47 48 5274
98 60 7408
88 98 892
106 11 5367
84 19 5582
93 52 879
7 36 3023
56 72 2947
17 52 6148
45 25 4210
3 85 2846
28 5 631
33 91 8712
10 35 2948
46 41 572
82 21 9818
106 60 6242
88 12 3735
29 15 5232
48 42 1202
107 8 3334
57 53 3759
59 95 4044
25 85 6143
41 11 2531
14 9 8573
43 4 9854
67 67 7116
99 65 310
73 29 6751
87 88 9462
19 44 1851
36 74 2435
5 8 5604
1 104 3986
11 28 426
62 94 8718
58 80 3112
74 59 2731
76 55 2561
71 90 9255
45 53 3396
16 79 5385
81 32 8438
13 50 8031
67 71 6122
89 33 7046
63 16 9066
1 28 9172
28 87 1534
29 76 1582
24 19 4775
44 41 7216
62 22 6545
60 100 6398
15 100 3958
83 90 8243
26 80 8039
91 84 6249
34 97 2203
51 79 9925
73 85 7962
59 75 850
39 95 3971
59 28 8202
98 61 5616
67 72 2679
80 38 2708
74 92 1938
76 84 5136
14 84 4685
61 104 5414
77 4 5717
63 70 6228
93 22 7428
71 98 7904
29 20 9301
96 87 2510
98 86 8173
65 22 1563
75 100 2557
65 48 2605
1 48 4136
55 49 9330
35 69 2982
8 30 5664
8 94 7258
11 76 4919
71 92 1498
60 38 7574
38 20 8872
51 11 1659
26 69 6119
80 77 9315
48 87 6817
23 78 8015
71 36 2951
95 31 4093
22 21 9613
2 101 4892
70 46 5914
39 69 3064
99 47 3034
88 30 3572
72 102 4200
76 15 5991
40 32 6649
97 31 8178
60 48 9928
104 92 3965
41 88 2642
82 108 8209
29 87 2325
95 70 9663
36 28 3636
80 41 3595
67 97 118
98 71 6532
53 7 5349
17 102 160
103 83 7412
