124 401
77 83 6320
20 100 3215
1 99 9321
12 81 7174
83 43 2153
112 34 4530
106 60 7537
19 96 5394
124 34 5456
18 57 2949
44 70 5893
55 25 9078
121 25 6257
87 36 6020
18 54 7072
32 41 3126
7 83 7290
115 101 2209
41 36 7581
47 113 1679
82 92 7820
12 23 7119
40 79 6418
43 41 5294
3 118 8348
64 26 5747
95 92 7742
60 18 1308
57 58 5161
87 40 661
46 122 2489
73 9 132
1 108 5221
76 27 244
59 89 2372
35 28 3760
111 58 520
22 118 188
92 50 8157
74 73 3050
40 118 4648
37 66 428
117 66 9466
86 78 8022
96 12 3697
96 106 5145
120 92 5491
48 49 3609
52 17 125
54 26 7364
31 1 5425
1 37 2127
103 29 9336
64 115 3471
52 22 8242
63 117 5163
102 49 1562
11 96 6764
36 83 2077
47 12 4243
6 102 3923
18 102 3605
32 16 5004
111 80 3340
15 7 8855
118 5 7088
14 43 215
61 53 337
33 88 7641
17 11 1870
26 16 6069
35 94 4889
81 1 8754
27 47 7133
87 61 9629
104 114 9940
114 63 4792
108 123 1258
9 92 9781
57 108 5235
112 70 3400
80 104 9699
26 120 7843
48 22 332
88 108 7470
7 88 666
54 13 6662
19 121 8603
36 5 3254
76 121 1108
3 108 1153
65 124 2565
36 25 2115
67 72 4804
20 96 5556
33 38 1643
95 91 4898
95 109 2373
93 80 9149
119 31 1286
64 93 3817
78 33 2811
71 4 4738
120 6 8354
67 25 792
121 117 6426
74 23 2034
39 117 7152
61 86 1457
87 16 7892
45 79 1696
47 92 6264
48 98 1299
74 94 7804
43 96 6114
107 92 3696
84 101 1217
27 75 6918
74 11 9405
76 33 5096
108 78 1933
105 60 5814
11 108 6141
104 117 6609
78 35 5187
13 17 7430
65 36 4981
15 62 4319
81 71 9400
45 22 7790
23 65 3940
16 46 1666
99 116 6941
32 31 2923
118 108 1129
51 121 2350
11 121 3012
71 11 6730
82 27 2239
103 7 9411
92 90 9304
35 105 5196
37 15 3350
18 107 5064
55 100 9725
122 87 6611
17 97 9417
71 44 7778
122 1 8611
119 39 6070
13 6 2085
31 40 1753
31 12 9305
21 29 2467
42 19 9427
106 76 5373
102 92 9315
94 98 9400
32 95 9946
56 89 354
87 37 1577
19 4 4390
55 34 5207
106 54 9384
74 95 9846
18 12 2466
108 113 8011
47 18 1075
28 49 9969
70 41 8514
85 3 6122
106 82 2096
103 12 3214
47 53 2826
19 3 7579
70 80 8779
73 64 1457
103 110 9772
106 73 8342
16 78 7358
75 39 4472
46 80 1769
20 118 1001
27 40 4636
23 59 3561
114 4 7202
29 12 4096
116 114 3558
32 32 4988
121 47 9916
2 121 278
70 42 6065
30 61 6417
2 23 3374
27 46 9485
113 95 4598
91 59 1176
68 50 7231
30 82 7002
65 14 8875
113 16 1367
11 21 3760
112 50 6570
83 52 3009
94 78 7485
98 2 743
42 93 8394
58 36 5063
63 2 8937
99 2 1524
117 114 181
68 124 7797
61 111 7725
110 70 4128
121 99 8477
114 8 9080
77 50 9975
34 43 5
41 105 1142
65 79 1540
31 75 5397
40 71 9944
38 56 8010
23 112 2968
21 37 5885
20 49 1359
48 83 565
47 123 3898
47 64 5196
48 42 6498
98 8 754
23 47 140
54 20 2808
31 102 3350
105 122 832
123 78 7579
2 61 8821
47 43 1203
72 89 6825
111 72 5630
33 105 2545
28 63 2201
94 116 5489
26 22 6535
70 63 5400
27 121 1163
32 59 3799
119 105 8059
16 113 1921
101 99 1669
38 7 3671
107 95 6488
35 124 6900
46 25 6083
94 31 7003
76 57 5545
11 88 6232
66 82 1211
39 33 2795
36 9 7762
104 47 5777
88 89 6009
10 123 1763
108 104 2681
103 10 6860
96 85 6714
21 96 6657
5 97 8674
93 12 3969
45 47 947
31 87 5239
24 110 9390
47 56 8764
69 39 7269
52 77 6185
4 108 7747
40 68 5591
89 96 5311
7 107 3417
75 66 1889
13 117 6119
23 44 8025
38 108 8822
78 116 4055
84 31 3121
63 55 5646
113 96 6009
86 39 3553
20 113 2472
60 35 358
95 47 555
40 6 7324
61 103 5946
1 116 4716
65 76 1874
72 74 6092
110 63 1342
40 24 150
72 103 9337
110 99 6713
71 5 2623
25 45 5918
23 41 2784
3 102 2548
35 42 3077
97 49 9961
85 34 1676
109 10 4001
107 81 1936
93 66 7369
49 73 7984
48 97 1481
51 119 4301
33 58 6850
7 92 4765
51 124 1166
45 84 117
101 5 2372
52 47 8319
106 16 3597
69 124 8560
101 107 6928
113 34 2862
102 66 5470
67 8 1052
10 119 9897
124 39 1264
84 16 6492
53 3 5732
39 108 9901
26 53 4131
85 89 4209
116 14 6052
18 115 862
37 117 2769
23 2 4849
68 2 8645
9 21 7416
77 74 5162
68 112 3817
10 13 3916
12 97 1861
120 88 2295
73 42 7937
91 78 7220
53 37 6492
9 40 8499
64 108 3358
9 61 5022
81 64 1811
73 10 7320
52 81 4857
120 12 9767
77 84 6494
84 50 507
20 39 2857
81 107 8188
19 46 6181
37 115 4911
65 7 110
79 79 95
42 67 3744
36 62 3684
118 75 9130
53 94 9362
2 113 7149
46 69 8921
66 23 4905
70 120 936
9 60 3757
8 74 8766
16 115 9881
104 27 2127
15 80 6213
9 9 1660
49 70 7270
66 51 7952
2 53 5371
108 122 4465
15 66 1839
117 74 7720
104 65 9738
96 79 2080
102 24 6114
14 72 2348
38 73 5220
66 75 2918
57 118 4787
103 8 4156
84 61 4299
75 106 5310
56 21 4096
25 30 427
116 103 8046
27 76 4349
49 18 9836
59 74 7832
66 113 2436
15 8 5822
32 82 9921
74 13 3034
