41 474
1 21 2949
41 19 4418
31 34 3303
26 35 2305
38 39 3574
21 30 8588
12 31 3942
2 34 8427
30 16 9034
35 3 2491
29 3 8025
34 5 2173
23 35 8837
11 22 5743
36 18 3771
20 40 8950
13 11 3509
31 14 5416
28 5 3604
35 39 3999
34 28 2433
13 20 9651
13 3 1603
4 15 4083
31 9 6346
12 30 3484
24 3 3800
25 34 3461
21 22 1471
33 17 3379
7 10 948
27 24 8706
9 36 2657
28 1 4517
27 31 8175
3 2 7203
20 27 1773
6 11 7406
7 33 2532
15 26 9347
19 35 7180
8 22 7219
21 32 3220
38 19 2436
26 4 2192
25 8 7841
15 27 8334
5 34 8760
32 2 4536
39 16 7682
21 34 5363
29 25 8112
12 5 969
15 32 4571
20 5 5051
9 11 4628
12 1 8343
8 39 7668
30 18 9145
3 32 2141
41 20 8524
28 22 2535
33 34 5525
4 9 416
22 28 1246
30 39 4534
28 11 4522
29 19 8487
4 7 2613
12 11 7244
25 10 1182
18 37 7644
36 30 651
17 34 2392
29 16 3874
6 4 3430
34 33 9819
21 20 744
9 23 2302
12 35 3022
8 20 2913
25 39 89
21 33 2145
12 8 1634
12 36 6290
39 2 7999
23 16 5880
39 24 8062
19 38 3410
12 4 4064
17 29 131
17 10 4146
5 23 4797
29 34 9336
29 33 3754
30 17 2585
25 40 8766
40 37 3952
38 16 9170
29 30 4830
41 7 2113
7 23 8662
8 29 9876
17 18 4981
22 5 1016
28 35 2990
28 20 725
5 18 4963
5 14 9589
3 3 9206
4 2 6727
36 11 2240
37 18 9470
20 36 1637
6 3 804
34 30 360
4 40 5999
4 1 3554
35 5 2631
31 1 1777
10 39 6719
18 18 3839
2 15 4052
31 22 9531
15 16 6026
20 37 2301
1 41 2309
39 5 8382
41 40 3771
3 31 587
16 2 657
7 21 3856
34 22 5166
36 13 7184
41 29 2900
35 7 6203
24 8 8891
13 7 3718
2 8 9889
41 10 4133
38 27 269
33 36 7767
4 28 1430
34 24 6281
3 24 6291
31 17 8652
13 1 9267
37 13 4135
24 17 6807
12 16 1499
30 12 8401
12 6 7400
12 9 3916
37 4 417
33 6 8017
17 38 4326
10 9 60
9 4 9110
17 30 3024
35 41 3989
21 31 4174
33 1 5818
1 14 2777
39 9 3379
19 19 9965
38 28 6634
16 38 3707
9 16 6482
20 9 6432
5 31 9271
4 24 6850
7 24 5353
21 21 9373
20 16 683
41 14 2915
29 31 5903
23 40 2199
29 23 6633
40 28 6253
12 34 6453
40 14 1147
35 10 752
32 31 6449
7 30 983
12 18 5994
15 1 2175
33 8 966
37 35 431
38 7 1097
22 6 2712
29 1 3401
34 34 6391
14 41 3228
8 13 2129
33 29 6800
15 20 2141
17 41 6164
1 38 9724
13 34 9671
17 15 1357
34 4 4153
23 37 4836
41 11 4087
9 21 6403
36 12 7687
23 27 1720
19 4 5527
10 4 7324
34 16 4946
28 32 3264
27 26 3424
27 8 9342
21 9 7467
14 19 8782
21 14 864
32 16 9556
7 25 8236
23 6 5666
28 19 6591
3 11 5817
15 33 3614
39 8 2097
9 41 3407
2 24 7471
25 12 1005
39 39 6285
21 8 6624
14 10 4528
23 24 7979
30 32 6308
31 16 1596
18 16 23
27 1 2955
12 21 3881
31 36 266
22 17 6426
9 26 6391
3 17 7626
37 6 8104
40 19 809
26 39 1259
20 24 5120
26 15 3781
29 26 668
41 16 2432
21 39 4892
26 6 3242
31 6 5729
39 31 299
19 37 1920
11 26 3841
25 27 9779
19 31 7926
31 3 1199
15 19 6071
29 18 7119
40 6 4627
37 27 8385
5 22 6154
16 15 4310
9 25 6681
31 18 4818
30 5 874
21 5 9086
23 1 2993
20 8 7956
5 12 6226
14 30 234
32 19 8035
40 27 1291
9 22 1162
14 13 3376
38 2 9662
41 24 8735
10 6 4315
3 27 6738
36 32 3009
37 38 5444
20 38 1707
26 5 1314
34 20 978
21 19 8353
12 20 560
9 29 2222
14 29 193
34 38 9032
2 35 2553
31 13 9606
4 39 6874
1 33 2433
11 12 9518
25 25 2169
20 1 7577
8 16 2866
28 8 4725
13 9 1807
37 39 3727
14 4 4942
40 4 5031
6 16 533
28 41 1111
31 19 5499
22 41 9595
3 9 1720
13 36 3298
20 3 8478
34 19 9230
7 19 3973
12 24 6846
30 13 3041
32 4 6280
30 25 8784
30 29 5443
29 22 9250
21 2 1149
12 37 1748
7 2 9503
7 13 6850
24 2 3305
41 35 5783
37 26 2172
32 14 3214
39 20 3356
17 7 9137
29 15 8054
26 41 1582
37 40 830
10 35 6042
10 27 3650
38 24 120
27 22 7166
37 31 5193
7 12 4261
15 30 3599
25 18 8763
7 4 6599
34 2 1730
19 24 7826
40 20 6183
40 10 6214
36 27 2348
39 10 2290
35 11 7453
10 24 4927
36 39 831
27 37 6215
18 36 5760
30 11 5851
4 6 1236
21 15 1161
11 37 4831
26 12 5897
20 6 4478
23 2 9323
8 31 8471
20 19 5795
10 23 9379
11 4 2534
37 16 7276
25 2 4595
39 7 1138
18 41 5664
6 7 8288
31 26 3699
25 38 4784
25 7 8997
3 4 4430
15 28 5398
40 41 234
32 38 2931
37 8 5779
18 40 1714
22 24 4295
7 9 6341
38 11 595
2 27 1886
11 28 6111
1 18 913
30 7 5840
5 2 522
16 7 9110
11 10 1312
33 20 4223
13 23 8518
32 22 2170
37 10 5041
17 12 8975
29 4 3059
37 19 3160
16 29 1505
15 34 5685
26 26 4684
40 21 2611
19 23 8525
1 40 1371
5 30 1278
11 18 4123
28 13 7829
10 30 2991
40 9 1493
12 23 9445
26 27 9060
16 32 6909
22 3 8564
34 32 3377
41 41 2698
39 12 4322
9 1 3446
6 9 1320
30 34 264
9 10 6090
20 34 8735
8 26 9675
11 6 3652
1 7 3752
41 5 6631
24 36 6392
15 5 884
12 12 9551
34 1 4086
1 9 5856
39 30 4559
34 11 9288
25 11 7716
17 11 9512
2 9 5128
26 20 6676
18 15 1172
3 15 9256
41 12 7841
6 8 324
29 32 9636
17 9 9290
12 28 3607
41 31 4852
36 17 8054
1 35 6114
7 39 9295
21 40 5270
28 30 2775
35 37 1484
37 3 1969
35 14 4127
28 16 4244
30 10 41
13 10 4231
10 16 9318
21 38 2743
5 27 644
3 20 503
10 29 3190
5 26 4839
12 19 6546
5 7 8760
28 37 8192
29 8 9935
23 20 9907
17 1 5782
9 7 8565
9 20 9556
13 26 7723
35 28 1002
40 15 6483
15 40 2567
5 15 6965
35 23 6529
24 35 3948
33 14 4954
20 14 9692
3 10 7880
2 26 5601
40 26 1135
36 22 2752
37 14 6837
