98 1968
21 68 763
79 10 114
81 13 5244
27 17 8526
3 86 857
76 88 3055
28 66 515
31 20 6489
21 39 3780
72 70 3306
5 46 6902
40 27 900
27 9 6041
82 89 8239
90 91 2282
34 25 6583
48 8 1171
23 38 9355
71 14 6608
50 86 8590
64 46 9867
4 85 1204
8 67 1443
23 51 5717
11 42 8414
84 31 9136
49 35 8126
35 13 4856
40 83 3320
39 88 6307
53 10 6677
68 67 5191
12 74 1964
18 97 5402
14 63 4032
3 49 8711
70 53 5658
90 43 2223
59 38 8058
42 76 6946
11 84 5355
36 9 8604
4 20 9177
82 91 6278
24 7 8145
61 63 8643
31 35 4355
35 80 8032
51 41 7448
8 82 2375
8 48 9819
17 40 2815
92 43 2563
1 80 508
6 5 5529
30 65 4459
57 52 9598
93 86 7491
72 93 6156
45 56 7331
92 63 2070
81 35 5467
78 82 4296
94 83 2102
59 44 5868
30 29 9627
20 42 3672
43 36 3659
4 63 3394
5 9 935
43 3 4809
31 83 372
57 18 4645
82 13 9969
33 28 1041
97 57 9169
29 32 6162
12 75 3210
36 34 1509
55 39 8508
30 81 8164
24 67 297
51 80 9301
62 63 9323
13 51 871
62 49 1054
41 33 4330
61 44 1882
72 36 2782
91 90 21
75 75 5675
17 98 235
41 51 2329
38 68 3090
48 37 7783
40 54 3861
45 94 9365
82 56 9552
50 83 8079
52 75 1505
27 24 3828
28 21 9488
10 14 3971
10 61 5663
6 57 352
7 3 4041
95 40 6057
30 90 9609
54 43 7789
25 91 686
70 73 4880
17 56 5416
24 65 13
1 74 9573
67 35 6553
89 96 2005
61 92 1839
89 77 9520
56 32 9413
98 12 1537
5 81 3148
88 98 4481
48 77 9446
22 77 9551
57 46 7325
5 90 3465
10 52 500
2 54 3989
36 53 1609
72 14 3186
82 57 4129
49 6 3926
36 28 6549
52 40 825
59 98 5522
62 64 6264
59 74 692
87 75 9994
59 67 380
85 40 2533
94 24 6080
14 28 4856
55 20 454
30 71 2447
50 85 553
17 49 3612
35 9 6627
51 51 7537
22 11 8918
2 52 3889
48 47 2433
53 61 3777
73 71 4202
22 2 6423
64 7 7767
7 23 3280
68 13 5043
5 64 1038
17 41 5254
51 42 9299
27 46 7941
79 98 3727
61 28 5328
18 49 6129
46 68 1701
16 74 4400
34 97 6820
60 4 8069
48 74 8141
47 81 7417
97 63 1593
52 43 6748
22 60 9321
63 77 6601
60 78 7362
64 93 7410
45 28 6687
39 43 8654
52 91 849
62 39 6935
15 92 7638
13 45 6973
10 22 298
44 84 3395
72 2 1108
25 65 2783
7 65 4866
42 6 816
80 13 3253
50 74 9013
1 88 5813
15 2 3176
27 65 4828
98 10 6099
49 37 6281
78 17 7075
4 78 2881
65 21 2101
16 57 2804
14 8 3130
50 8 2080
79 76 2826
10 4 3700
16 3 4021
52 52 1974
45 85 3336
58 44 266
82 10 7867
22 26 4794
73 39 3477
56 44 2433
82 78 7719
21 43 9471
25 58 7988
93 12 5081
55 12 5021
87 70 2175
1 9 8241
43 30 5620
87 5 728
94 16 995
64 53 3816
12 73 2367
62 98 1476
70 48 8822
85 4 2270
86 46 7311
33 2 1574
88 44 3994
25 86 8956
1 37 2756
73 3 4307
71 68 8017
66 85 9169
21 12 202
41 52 4669
73 40 5908
31 28 5765
96 71 3691
92 96 2895
48 52 1602
19 80 661
96 8 9372
49 74 8792
2 50 8488
55 91 1961
14 65 7393
72 51 6960
33 48 7322
38 95 7262
31 98 7508
16 72 9054
13 69 7300
23 20 6193
74 75 7208
39 31 751
11 98 672
22 27 4283
16 60 4739
37 97 6035
11 83 7125
36 54 2349
43 66 7592
13 89 875
56 20 2947
6 14 4011
91 24 8734
53 1 6191
66 71 3727
29 9 1868
96 20 6674
10 11 9745
50 9 3326
17 21 3622
2 32 5754
18 38 5048
20 84 5044
75 38 4719
59 60 1032
4 44 2886
2 41 7544
28 6 2515
63 56 8432
66 28 2599
15 29 4369
82 2 7788
64 75 8353
25 8 5154
85 22 4054
63 26 1375
60 81 4733
75 10 9671
3 28 1704
38 50 8421
49 64 2282
91 3 6230
29 66 4279
49 47 5161
63 33 9813
92 52 8799
66 13 5568
80 87 8375
56 46 6967
86 39 6250
46 43 1428
44 89 6673
43 19 8614
73 24 2297
66 42 4021
81 36 7981
76 57 3900
10 39 2485
50 94 6251
20 37 2049
93 82 5640
34 27 1395
75 26 8681
93 54 4273
60 22 6487
59 58 7794
11 89 1151
73 98 1290
35 50 1047
43 25 544
44 20 9782
34 53 1047
68 83 565
76 33 4197
10 92 8687
83 52 3849
49 62 6899
27 90 6569
88 81 8071
55 25 1537
59 68 4796
47 57 6113
17 80 6907
66 58 4210
70 67 1902
52 7 7165
90 11 6401
75 37 3507
60 80 4133
93 37 4530
9 51 6747
42 97 6423
83 69 8118
10 36 2095
24 62 2626
31 15 6198
89 6 3770
67 81 3327
91 42 907
96 90 5972
28 55 649
37 52 4720
95 2 1075
3 25 9701
31 55 8545
21 46 8290
14 16 409
86 14 7422
52 95 3159
68 33 3996
39 36 7629
25 33 9383
56 89 6631
50 22 9693
58 96 8898
27 73 647
77 86 8446
79 73 9593
73 80 7036
23 49 686
79 88 5382
28 68 2409
23 79 2278
53 30 9195
83 43 9359
70 69 8122
26 47 393
96 28 3912
37 2 7816
28 79 2755
51 15 3446
66 96 703
14 75 346
51 29 8911
65 13 8109
33 82 7811
72 63 5437
1 61 6140
1 53 5760
37 81 9038
77 87 1553
8 10 933
92 84 9813
11 51 7221
70 39 9263
1 12 6586
33 12 7636
92 67 5171
65 59 4643
17 37 8319
38 44 1584
12 59 8425
6 52 1122
82 18 8868
72 87 2607
1 43 8877
90 76 1236
98 25 2013
16 89 2189
54 1 4028
60 12 1421
45 17 8623
60 54 6129
36 27 2047
51 81 4188
26 81 7498
86 96 569
61 11 983
73 65 8711
29 80 6269
98 27 3380
75 42 1439
70 77 4502
62 83 6579
43 71 1092
11 97 424
48 40 6579
31 2 5785
21 74 7941
66 14 7444
93 88 5920
75 15 2092
39 77 6982
39 75 4217
76 89 1942
84 21 8215
58 95 8370
52 61 6433
27 82 3825
71 62 8087
4 2 3134
64 94 3242
92 39 9599
73 78 7079
11 91 2986
77 44 4448
5 26 2481
98 54 8881
39 81 6670
79 5 1242
52 12 8859
13 59 3624
17 33 2115
96 98 4863
72 32 6645
65 91 8420
40 90 2888
3 84 713
51 13 4945
26 21 4133
62 33 3417
48 49 1572
57 2 8396
68 74 5425
24 94 672
6 89 6378
41 91 6461
68 19 588
80 69 311
97 50 2035
82 68 5325
14 30 4064
45 97 2742
63 23 1845
73 28 2271
84 24 4485
27 91 6738
45 81 3143
9 20 8977
5 2 3671
59 15 2501
17 59 7165
30 7 3430
3 91 6337
22 19 73
59 75 7040
66 21 602
78 29 8054
60 87 2815
58 48 6454
85 64 8952
12 68 7314
16 53 2213
46 11 8442
13 90 2777
52 13 3361
19 91 7834
59 8 6266
2 65 5274
4 51 3668
74 18 4188
78 33 7096
89 35 6247
92 46 7705
26 14 8210
34 66 304
62 84 294
75 1 7157
77 2 7729
81 59 1346
7 34 9918
98 14 9338
46 58 3037
58 52 2097
3 33 5009
92 66 395
52 29 437
3 60 3190
16 92 3051
92 30 8054
77 37 8736
79 90 2410
69 37 1287
50 50 5392
75 53 354
70 2 2112
76 53 864
78 12 771
25 27 4935
28 20 1795
90 52 6600
87 32 1957
9 57 6541
32 62 6602
19 92 1426
81 64 9221
67 95 8712
37 30 3355
22 55 1889
44 38 8878
95 71 6422
86 35 6232
15 23 2884
48 41 1639
35 77 4340
78 1 6128
31 91 5859
93 14 8303
83 13 8093
48 64 3285
65 16 2612
70 3 1650
32 71 3266
56 21 9688
83 11 4435
21 44 1201
63 30 9264
37 24 981
21 62 4446
49 32 3866
81 3 1541
50 35 7858
41 46 2584
72 30 5560
38 6 7592
4 24 8972
60 61 4639
86 81 4896
27 79 1788
84 29 7313
15 12 6311
45 61 8179
4 58 5801
81 31 815
71 24 9141
60 27 6910
78 43 3143
22 30 6142
82 12 4003
68 66 1516
85 66 7012
37 70 1344
45 8 4198
81 34 4758
79 93 9475
56 29 781
78 87 5285
88 97 1223
29 22 4496
88 8 9810
12 45 1859
91 45 7970
59 27 543
50 61 330
23 72 6305
83 22 6272
84 2 1961
96 45 9906
18 73 5840
48 63 7653
56 30 5109
35 23 4008
22 37 6747
42 86 2467
66 10 8078
21 48 9886
79 87 4035
27 41 6108
82 58 9276
6 61 5057
89 19 462
21 53 6832
62 71 9317
37 39 9664
83 15 4937
62 93 6368
43 75 827
24 58 9534
77 63 8570
51 54 7743
54 30 2076
35 35 6375
52 97 5928
12 35 9483
52 36 8533
14 34 3843
69 57 2344
7 96 9349
46 7 5362
93 41 8758
72 48 7868
24 15 6740
67 93 1870
34 70 2507
18 40 9739
60 25 7281
76 31 8607
91 32 5761
81 54 5906
70 33 1328
92 56 4667
89 38 9279
33 27 3115
10 1 8582
98 16 3633
79 91 3
57 39 3850
95 85 8834
31 23 2913
14 48 2012
13 86 7071
60 20 9657
35 83 5634
5 83 8927
24 76 3280
37 28 2214
31 59 1810
79 28 3102
21 7 2861
8 66 7923
75 56 5269
44 60 6220
82 59 4893
58 38 3058
28 74 9639
82 7 8630
16 41 9100
96 14 2376
21 35 3124
85 96 2206
26 28 2738
50 27 4882
57 10 5437
83 67 2823
86 50 4052
19 33 7960
9 4 7460
81 2 7726
93 22 2794
67 63 9733
9 44 9784
60 93 8580
72 8 6630
45 90 184
11 78 4102
50 52 2181
8 60 6230
50 97 933
17 47 699
19 16 6807
17 78 1928
97 93 8163
6 66 6482
23 66 195
17 32 3939
7 38 7355
82 45 656
19 94 2941
15 30 1043
36 3 2188
13 55 9087
83 16 3459
61 38 5487
85 11 6410
98 17 1864
10 54 9807
36 73 7701
85 43 7222
82 35 1377
4 47 8683
28 31 888
64 92 4618
23 34 60
13 88 2896
41 97 3726
14 88 1943
37 5 6896
27 45 869
46 29 3830
78 86 4543
68 35 1275
11 13 5550
17 25 1103
94 21 6869
28 89 1922
34 81 2367
24 9 6372
26 43 375
42 10 3229
44 77 165
77 16 1240
7 11 5234
33 92 3714
4 27 9126
78 6 4743
10 63 2533
59 31 4278
76 74 970
47 3 282
90 9 5858
11 41 3764
75 98 5941
32 86 7831
7 55 2241
68 70 224
95 3 6114
2 84 1189
68 77 7713
42 44 7135
64 20 5929
76 28 9853
49 34 4752
15 10 6079
91 11 5901
93 15 832
97 82 2108
11 80 3383
19 1 9952
27 23 2526
67 1 7426
50 5 7188
44 70 4099
9 40 7183
30 33 4246
37 27 178
31 26 3679
3 90 2189
19 11 9471
9 91 6214
94 15 122
11 20 9024
69 64 8326
32 28 6670
58 14 1751
12 80 9846
12 82 7899
91 56 6048
28 65 223
86 16 6885
73 50 8315
19 37 5695
58 50 5688
84 67 9960
65 78 8760
91 27 5562
83 54 3481
67 41 5042
65 42 9255
38 70 4889
75 88 4461
84 33 7538
24 73 8631
97 39 2110
11 85 3327
79 69 3336
15 37 5185
21 57 2162
8 94 3290
19 22 4393
44 61 4370
79 40 1583
82 38 7459
20 49 9898
83 29 8112
3 98 9158
61 74 3086
73 81 7366
2 80 1896
72 1 2371
56 17 1955
86 36 7628
57 74 1323
97 76 8099
74 93 3001
64 67 8446
49 24 7742
5 95 6932
91 54 2750
42 20 1151
32 75 5512
59 18 6362
91 75 8608
63 73 5588
34 4 5649
78 67 7789
16 71 8462
77 32 6144
51 24 6810
23 65 3248
29 96 8622
50 13 392
63 59 38
52 23 7254
72 12 9618
86 89 3379
24 60 5903
83 38 2250
94 44 1625
61 67 3253
2 95 4290
72 46 6692
18 65 1252
37 72 7708
31 45 4161
82 86 5192
57 65 9247
5 49 5652
82 98 1337
41 60 9052
64 18 1532
94 45 5869
83 62 6843
41 1 4645
22 85 6444
13 24 7889
49 80 6769
35 24 7855
25 64 3017
26 29 6605
78 25 4078
96 59 1385
34 80 92
26 49 4731
59 97 264
4 97 5757
51 88 1879
97 14 1834
61 39 459
96 18 2042
78 50 4858
23 47 1741
76 36 7235
17 61 8665
35 21 1224
34 78 2575
83 39 4696
26 53 8125
19 32 5795
74 10 7287
46 41 8830
53 13 8448
10 47 4032
63 80 3930
16 55 1272
13 39 5493
66 52 1193
16 33 6558
38 52 5667
55 27 9093
74 28 8221
31 36 4724
5 45 3332
53 9 7473
80 79 1322
93 91 9921
2 58 5105
64 30 8912
79 67 4968
38 77 9711
5 52 3300
86 43 8459
54 51 9918
13 32 3085
39 3 6732
33 38 3123
77 75 3556
6 79 2155
17 91 4077
63 79 6189
11 88 4105
66 56 1754
3 81 3572
84 61 1888
27 1 4221
96 87 3967
90 66 8374
61 27 8119
40 97 9839
13 61 9842
28 28 3042
93 93 6910
48 96 5934
82 81 6869
56 63 7984
33 17 8193
2 8 881
46 24 5757
70 20 9288
96 32 9188
5 60 3918
54 10 4977
17 57 2285
60 95 82
21 52 2212
36 40 6988
40 42 9116
21 87 2152
73 14 8249
79 65 3068
3 69 4377
53 79 4699
97 51 8953
40 66 9128
73 42 8693
71 77 5035
85 73 8954
89 60 1279
57 14 4996
89 12 1912
35 7 4795
47 48 4758
77 12 7609
95 30 2439
38 13 8536
90 58 8253
24 70 5508
80 60 3695
44 94 9844
29 70 2456
1 84 6905
5 86 181
38 65 4561
21 17 617
80 11 6596
98 2 315
77 25 2984
25 60 884
38 59 6133
57 43 6276
67 43 3172
83 3 273
49 94 9695
80 70 5013
42 52 3235
71 51 5045
58 84 1722
17 64 9842
90 4 1319
60 16 945
55 82 3981
36 67 6975
58 71 9430
2 53 7375
60 50 6411
85 76 5074
12 36 1618
18 8 4714
92 97 4892
29 14 6742
7 69 9557
82 60 3406
17 19 6885
45 74 6139
1 89 202
62 75 8831
32 87 2345
30 60 2143
4 53 2272
25 37 7284
18 44 5037
48 81 285
46 97 4881
16 97 8521
77 71 7536
38 4 9608
89 88 486
7 72 4754
77 45 1991
73 92 2537
9 58 2113
4 90 9068
73 84 926
86 74 886
16 24 3662
52 30 7309
71 9 5406
1 13 4935
9 71 6657
16 80 1981
31 39 1105
73 13 6026
65 54 672
1 69 5601
28 22 4669
28 49 5158
72 49 5269
65 50 5287
52 58 93
5 29 9787
69 16 6919
80 88 4277
77 10 7797
48 65 4801
97 92 8461
23 76 1951
11 5 424
35 70 7997
72 77 1203
81 37 5027
27 61 9999
61 75 1013
66 78 8864
41 32 8733
48 20 8693
53 55 6444
63 28 4534
32 64 8039
84 90 2103
9 2 6248
76 62 9665
10 83 3027
52 25 1932
97 71 2633
66 74 1868
93 28 3325
47 90 5455
77 78 8350
2 19 216
86 82 1134
69 15 5381
39 24 755
86 31 3637
22 29 2490
12 50 9262
76 44 7544
51 90 5330
10 25 3824
98 67 5924
23 92 9463
64 32 4429
88 19 8102
39 94 799
16 8 449
22 39 7325
56 45 7874
38 10 6628
41 94 2882
57 72 8732
43 37 3590
52 27 8898
91 21 8171
17 90 5624
36 13 1542
54 25 3996
20 18 6858
64 69 63
36 12 5406
30 24 5605
61 23 6039
79 30 7464
71 23 8263
14 39 7761
51 83 6096
94 59 7806
97 15 659
97 44 524
70 60 7978
35 94 9033
81 22 1792
48 36 7051
61 98 5260
91 2 3540
15 50 9693
61 48 6996
14 71 332
73 62 8685
63 44 5453
86 47 8804
48 9 4364
40 50 5255
70 96 7056
16 66 5043
67 5 9406
51 18 6794
94 46 3808
34 10 9494
94 51 535
91 1 7855
43 40 9839
45 65 4167
57 80 8641
65 64 5350
98 39 6385
41 23 7213
86 73 7431
36 21 84
11 64 9048
26 22 7390
63 42 1985
29 29 1409
54 29 3990
51 67 4806
40 10 7795
48 95 3158
8 86 6533
22 46 5158
96 27 1137
52 45 3175
82 30 3713
2 39 5323
14 89 3217
15 84 4365
93 33 9843
46 95 1771
74 63 6417
67 84 6788
79 37 7050
69 89 5843
2 72 1683
17 30 6355
61 43 7828
29 58 60
77 53 2706
48 29 2217
98 95 7643
50 76 8035
39 2 2364
19 57 2613
81 73 192
40 89 672
33 19 440
21 24 5709
42 57 4384
59 6 9833
71 65 8884
30 5 362
87 23 8275
19 60 7920
79 1 3039
39 87 10
80 7 2449
58 21 2694
65 71 8770
24 43 9047
49 16 2361
96 34 1341
73 68 8616
41 8 2016
28 19 3180
48 98 7626
9 78 937
7 57 9659
69 70 7010
38 74 8516
83 71 3626
45 1 7278
61 42 6978
21 25 7913
43 72 2626
28 53 8665
33 61 5865
20 24 3312
49 92 3054
61 31 3870
88 69 7199
6 15 963
90 75 1362
40 95 6824
73 23 4476
77 30 9222
5 78 4188
1 94 7276
71 83 5596
68 88 7321
66 80 5816
36 82 2336
38 12 2750
92 75 8724
11 54 2778
6 58 1405
93 58 7943
69 84 6163
15 54 2855
29 75 6877
20 92 6791
18 29 7345
10 23 5911
93 80 7360
49 42 1002
37 36 6715
21 60 6790
42 74 7
53 59 5744
45 78 6947
28 61 4679
55 85 2559
4 79 9051
60 83 3378
31 76 1308
59 96 1701
29 93 8568
52 48 816
8 92 5840
98 71 6734
30 54 3803
55 13 3034
61 72 7886
64 58 2931
58 73 6110
14 57 3588
98 65 9799
8 58 893
53 87 14
59 78 7156
87 38 6982
23 7 1815
52 6 1661
56 80 3736
6 42 3698
13 82 1009
88 94 4451
6 38 6850
40 17 7976
87 68 7981
1 54 7679
53 19 8826
24 25 7591
37 91 1426
49 78 4945
76 23 4453
28 29 7628
32 66 5312
43 23 6372
68 63 8545
75 17 4007
70 40 2066
18 76 5900
91 81 4622
57 58 614
72 41 4196
27 67 2351
52 98 8473
47 97 4226
50 66 5036
20 40 1884
78 32 4231
17 44 417
32 72 3309
76 54 1340
55 8 5649
1 10 4219
24 59 3146
10 34 8502
13 41 9116
54 16 2577
83 93 1893
94 11 2007
64 43 8955
74 74 8784
8 30 2072
94 84 7294
79 63 7659
37 85 7701
32 79 8021
32 74 7621
86 40 6026
14 69 7432
94 77 2608
39 28 4772
91 8 6570
60 94 6201
62 86 6722
60 51 2429
74 82 2041
39 70 4535
31 70 7977
77 22 6738
10 16 676
80 9 4009
17 24 3047
26 41 4710
22 86 3747
2 26 8754
56 39 5143
7 25 5033
81 57 7207
15 3 3499
57 20 4152
94 1 6902
74 76 9451
6 53 3666
19 54 9149
58 66 6687
10 28 723
86 10 270
85 44 9517
2 14 4820
78 26 1166
36 75 7919
87 50 3384
96 55 8406
69 42 5692
40 52 1235
32 80 8694
6 37 9608
32 61 4716
82 50 8247
11 3 9835
46 51 7974
37 75 8252
92 17 8978
33 51 5185
82 39 5660
92 36 962
89 24 8186
63 7 7969
85 72 4508
20 73 8304
81 11 3254
41 59 2878
53 91 2645
15 74 1243
56 61 2935
89 54 9375
93 98 4896
60 62 8997
32 49 5062
61 68 1496
41 6 6491
96 46 8903
25 54 8384
5 68 9312
76 79 1963
49 25 5944
58 74 7130
45 89 7074
39 23 5604
12 79 5396
18 77 1302
92 3 5581
58 39 5217
18 43 8791
85 56 1432
54 3 8159
84 95 107
20 13 1782
77 24 3071
41 95 7228
50 88 296
69 49 3334
37 80 2319
40 23 2156
19 76 5160
86 17 8746
87 90 1140
72 68 672
37 10 6997
79 15 9019
41 53 7782
51 58 9183
64 1 8757
73 87 4184
40 53 6731
36 87 2131
21 67 2963
54 63 7390
8 16 9047
95 66 1473
52 19 1350
40 38 1586
49 7 484
67 46 3998
94 37 1639
84 66 4025
84 73 6021
31 25 7259
17 76 3061
70 70 4161
15 20 2509
29 42 2718
95 37 3367
51 84 5057
29 25 6075
37 94 9983
71 66 6947
69 53 3895
26 23 9983
88 7 5306
52 3 8177
53 53 727
65 37 7499
45 62 5885
54 54 8097
33 80 4024
97 60 8180
36 84 2152
45 11 8221
64 8 3688
82 16 1885
95 80 1999
91 36 6078
1 68 6486
20 22 2343
33 58 3815
98 58 6646
43 42 1762
93 61 3463
4 1 3534
21 95 197
74 85 9524
47 33 8884
73 33 9841
36 52 9342
5 40 3248
12 39 8616
30 38 3849
4 86 5834
38 45 4330
44 65 1645
31 95 5278
53 24 5194
47 66 3910
81 6 4493
61 5 6726
47 35 4192
20 88 4946
24 3 3484
7 87 2041
90 95 9799
26 26 7796
43 28 9373
4 10 7995
9 26 7195
34 72 7169
56 91 606
21 71 6388
57 33 4358
56 93 3858
66 40 2881
56 66 6880
54 64 2869
19 67 8262
98 31 5808
47 76 3897
37 65 3724
43 87 219
46 44 3050
29 97 3730
40 71 6170
59 70 8025
6 54 6023
24 2 2773
81 40 1925
61 33 4103
85 7 9393
85 46 141
10 60 7695
20 65 9251
49 44 5143
12 88 5975
5 23 9707
91 28 7437
24 68 6054
9 55 3174
21 20 5476
4 93 353
40 44 6534
33 11 7919
46 36 5340
86 55 9789
6 47 3925
1 27 4206
58 11 5315
75 14 5083
59 9 6528
97 95 7169
25 43 4973
77 43 1865
72 31 364
2 90 4009
71 47 753
7 6 5798
7 36 7
56 51 1045
13 7 4719
57 34 8074
57 35 1119
60 36 1289
44 62 7802
19 69 2251
5 31 1693
14 42 9643
75 47 9473
89 65 2266
47 77 1780
88 48 4417
22 63 2838
88 9 979
15 27 6369
44 85 5906
38 31 2358
15 75 2971
77 81 2417
6 91 6419
33 37 8418
67 51 8643
28 50 4476
63 17 5920
51 10 5604
86 25 9166
1 46 4496
29 7 9867
75 39 8826
31 8 2340
46 53 1474
97 90 4582
48 34 3777
22 10 6212
32 11 9727
68 93 5577
96 69 8178
18 1 94
44 23 7691
21 69 6877
69 5 7069
28 3 9041
65 7 7348
92 82 6637
43 16 2488
39 83 6794
42 36 7557
44 96 5514
39 18 5827
41 42 54
4 25 5380
57 89 972
98 82 7943
7 80 9302
24 21 9544
35 18 8536
70 13 6686
61 57 7915
21 51 6464
58 47 2223
90 63 1573
96 62 3522
90 48 8851
34 39 7537
14 64 7825
45 27 5064
30 3 1691
86 60 3001
31 61 9226
55 52 7827
78 36 5582
33 16 2527
16 29 9136
11 30 8467
63 15 7615
76 2 826
38 86 2897
26 24 1243
74 57 1178
91 79 3571
83 28 6066
64 39 1391
26 3 3438
1 34 254
79 72 7225
88 78 6956
87 26 9136
69 94 2632
68 25 5836
48 25 9522
84 59 5968
9 89 2817
84 26 7896
84 69 2104
83 48 258
18 51 6986
88 74 7161
27 62 3105
18 26 4177
31 11 7661
33 81 8219
60 21 7620
82 82 4105
67 2 6017
86 28 6523
21 1 9681
44 31 5050
5 35 1447
33 90 5829
74 24 7332
98 40 170
27 18 2484
60 1 3019
68 23 9193
4 84 9323
20 87 6645
11 22 9919
93 95 1325
15 94 9370
56 22 5896
36 37 6305
53 60 923
71 16 9728
72 73 5827
73 8 4978
28 92 1800
41 86 8953
34 57 1356
21 14 9792
26 5 47
30 57 4642
13 83 2759
58 12 9337
89 84 5643
50 45 8305
53 29 8772
1 14 2684
17 35 5211
98 13 7552
17 71 998
62 61 1199
61 66 8635
97 20 1536
71 53 9818
43 53 7971
17 70 6948
58 90 1063
5 43 8202
8 42 871
5 14 8797
13 76 9391
60 92 7630
54 90 1520
31 19 2858
87 61 2182
59 34 9263
20 91 5477
41 96 871
18 59 1666
7 64 623
23 32 5495
54 92 5090
9 47 9296
37 33 6885
16 11 1518
68 51 9774
20 68 4567
13 31 5030
74 53 3743
68 62 321
56 70 6563
35 8 4006
86 27 2468
55 80 3084
53 21 4268
45 40 5683
51 8 7917
77 38 1351
36 7 3792
86 62 6037
94 52 8021
36 93 7350
10 6 4623
47 17 7845
29 17 143
78 23 2405
15 1 2091
10 33 3217
28 64 8550
49 29 6139
52 2 3231
92 33 7084
19 12 9769
8 80 6009
77 39 7965
11 4 9120
7 46 2875
10 73 6397
61 77 2156
20 85 4816
40 48 346
87 96 3012
51 70 80
92 77 1048
36 56 5684
25 22 2528
46 28 4450
51 91 2637
21 10 4438
19 29 6059
76 66 7072
70 12 9051
10 3 5055
41 27 6648
76 29 3885
14 79 8970
24 56 5203
13 74 7139
85 48 9592
92 49 2413
93 74 2799
72 39 7905
62 36 8863
73 67 4792
68 81 6983
12 6 4999
62 18 995
67 77 1716
48 71 2964
4 21 3609
69 92 3115
92 55 332
44 83 7786
78 53 9927
74 81 2200
75 89 2828
80 57 2623
21 61 5493
65 20 2217
84 44 1845
92 37 1626
11 70 2311
54 74 3622
36 80 871
72 17 5121
87 92 5836
11 34 1074
17 97 1658
51 48 9672
1 22 3066
40 92 6517
92 83 4730
88 30 9833
77 94 2161
58 54 1078
11 26 8095
91 19 2604
24 69 9966
90 26 3012
75 87 4362
9 82 1093
77 21 5516
97 53 4486
6 23 5723
57 15 5504
76 92 8805
45 83 4914
44 16 534
55 24 3242
67 54 7246
63 67 9825
63 25 8689
38 57 7560
37 3 4529
7 2 4242
73 54 7197
78 64 9912
72 83 6554
83 17 2475
7 35 9119
76 91 7798
94 29 821
96 89 2991
25 19 8669
75 96 7368
82 85 8253
68 69 442
71 32 2936
42 93 3040
92 26 6258
1 21 4560
65 72 1277
76 96 106
52 73 4128
92 79 5004
94 18 1516
36 41 908
42 55 2599
82 49 5547
58 53 1149
41 47 7384
38 96 9519
75 34 5691
28 82 8372
23 25 9846
55 68 4698
69 7 3888
49 52 4801
28 85 2654
25 61 8691
62 45 1608
30 77 7832
94 4 2020
64 19 4624
33 56 3763
71 6 6112
12 34 557
49 14 8609
21 31 1180
74 98 3813
9 83 7526
65 35 478
29 98 5050
58 4 3193
27 36 184
3 62 4008
27 30 5213
37 78 3319
63 55 2434
90 30 4094
40 93 8145
67 59 9286
97 88 2987
3 47 647
58 30 1420
45 58 6093
52 50 445
82 69 1855
88 16 3513
5 55 1338
38 76 8913
27 35 8472
2 64 6188
87 17 6067
9 98 2427
28 43 9225
87 47 1859
86 51 7851
58 26 1143
19 44 9848
9 1 2398
31 58 7546
66 2 8922
63 92 661
88 36 7549
41 35 7508
46 75 5357
42 61 5629
47 82 8570
24 90 7788
97 79 7694
27 75 2143
98 64 7975
96 36 5247
2 78 6058
67 26 4753
76 60 1479
57 36 4326
29 88 8430
24 16 3225
9 15 1135
42 16 9580
73 72 3943
97 84 3236
75 61 1680
62 19 3097
77 26 4060
83 34 6098
55 75 4002
17 18 2595
16 90 5653
93 13 388
53 66 5368
18 42 1548
20 41 3461
95 26 4924
65 52 9021
50 68 1200
61 62 5173
59 87 795
13 84 6695
40 98 6141
69 73 9144
25 69 8930
15 22 6633
35 87 5557
12 54 1331
9 77 9226
26 38 9039
85 6 5613
7 45 3627
89 69 6532
26 94 9970
82 55 2325
32 82 1001
59 94 3303
49 58 9620
57 70 9859
45 32 7811
33 77 6226
92 4 5402
34 88 5009
41 71 1298
36 58 6453
78 18 94
75 66 556
7 75 3535
74 87 8242
5 88 1373
34 22 650
33 69 5217
82 4 4006
22 35 4448
86 45 8779
3 51 7613
3 27 2481
41 74 272
75 8 3354
69 45 1377
96 96 4378
7 19 4684
74 4 6457
17 89 1420
25 47 2356
63 6 6166
46 33 4293
65 60 2647
39 30 4503
16 81 1451
90 87 1625
57 63 6223
38 79 3758
5 77 9165
18 79 398
71 52 1434
45 19 4507
37 57 4834
8 19 825
16 76 6165
81 69 2545
