739 411
437 644
47 197
150 524
231 673
289 651
76 652
663 523
482 162
195 260
490 555
614 17
389 632
59 600
505 199
407 695
489 104
599 535
400 110
319 731
43 708
642 218
620 565
2 462
87 296
83 676
211 696
54 599
688 212
559 453
510 326
409 259
530 368
55 190
577 473
281 719
441 183
198 421
108 299
244 295
594 426
331 65
482 384
25 430
595 583
144 465
270 652
724 60
280 39
249 118
511 530
97 313
73 294
94 281
592 337
675 546
23 266
711 504
11 735
195 705
678 338
431 208
350 415
267 629
553 616
107 324
506 304
736 678
697 91
319 650
527 254
456 550
620 427
414 630
522 608
595 461
306 286
29 655
61 296
645 613
172 112
298 38
415 294
715 373
484 295
383 272
548 199
82 428
626 595
418 508
464 274
229 130
659 258
146 720
653 51
593 185
162 151
222 577
545 197
310 289
591 53
660 400
251 102
188 237
697 606
6 421
240 234
650 159
591 56
239 604
106 93
49 368
343 270
205 248
567 614
537 418
27 457
178 277
559 466
514 516
332 519
297 671
113 307
190 65
363 429
668 468
621 717
196 324
247 500
572 74
374 469
592 400
286 30
38 105
495 551
720 187
330 377
218 542
684 408
606 407
197 535
235 78
612 431
501 119
191 333
293 565
62 245
325 348
274 362
552 130
273 633
316 702
370 534
505 414
302 471
81 498
366 316
575 238
7 336
457 197
30 10
122 191
254 547
638 627
269 451
17 542
444 433
504 74
327 369
588 628
101 668
386 466
244 321
704 250
17 521
447 46
530 668
237 144
475 235
131 5
46 248
546 489
680 410
663 367
140 511
255 340
439 640
66 44
221 130
293 337
650 100
383 540
29 719
44 603
214 275
607 260
522 513
109 562
284 132
189 423
642 443
23 442
443 188
485 24
318 138
360 328
338 103
229 466
182 372
329 396
646 197
16 528
70 124
450 353
256 638
36 258
441 58
60 244
246 544
43 727
351 380
190 679
206 372
412 534
128 418
91 143
207 161
366 17
513 721
16 649
240 556
67 299
61 412
204 427
335 346
514 47
86 65
86 291
436 497
85 563
176 276
66 482
436 431
498 309
413 513
218 13
330 285
311 490
696 614
277 392
220 52
538 405
216 623
695 651
481 141
574 656
416 639
398 212
430 256
520 203
30 99
215 359
483 626
109 439
500 385
191 81
536 89
485 112
73 541
123 553
681 696
569 357
695 327
668 486
582 448
688 611
546 164
330 289
50 438
89 649
184 379
729 80
468 575
192 540
376 314
453 417
371 282
134 326
608 62
172 550
509 121
422 416
284 12
65 433
550 253
342 94
632 432
173 460
367 464
360 3
39 173
519 409
454 652
95 422
713 267
232 582
387 14
258 31
126 423
463 675
36 165
129 667
596 301
487 223
26 207
325 164
379 104
572 93
16 27
614 89
293 207
671 40
220 289
70 345
711 632
280 8
58 508
35 14
70 622
337 195
89 22
358 468
126 290
660 241
416 535
330 70
2 361
109 221
649 279
666 721
271 306
89 328
75 123
442 244
105 39
438 194
60 156
661 285
545 581
626 221
476 316
390 577
676 599
159 585
138 85
566 508
390 654
197 464
138 638
68 242
37 505
535 96
21 456
481 565
398 367
147 234
682 536
72 618
395 230
563 632
414 490
401 164
504 597
628 641
595 56
244 631
561 39
87 681
595 567
507 353
194 14
586 236
649 18
214 405
347 138
397 21
627 158
185 391
115 173
393 709
228 736
600 149
35 687
91 729
614 697
342 169
710 289
404 719
306 718
484 653
116 142
673 103
399 218
493 514
390 246
483 618
242 444
27 377
391 117
366 265
174 708
433 144
