877 76
110 680
854 97
299 63
205 139
264 182
815 222
597 210
537 450
104 612
372 769
627 538
656 169
583 513
382 760
742 752
365 852
496 342
13 794
346 159
56 551
283 812
772 2
144 373
451 247
49 822
81 675
425 736
843 72
313 290
831 119
164 261
35 601
544 866
518 831
148 515
504 430
449 340
431 592
654 823
781 702
709 861
441 256
661 349
328 38
638 223
156 743
425 133
466 33
121 48
863 268
562 431
697 133
712 192
667 488
137 570
254 788
495 695
166 278
166 435
315 745
600 412
610 147
544 140
180 665
188 107
874 691
480 636
824 314
827 613
744 29
247 120
816 741
756 46
83 863
423 339
730 145
