200 4942
146 73 27
160 10 441
125 151 652
52 60 490
76 171 184
131 106 293
176 96 778
112 22 226
9 59 87
83 156 359
109 67 369
100 191 71
150 195 730
38 22 653
172 152 910
63 158 964
120 85 612
48 197 633
72 157 491
109 40 798
67 100 65
186 151 607
7 100 601
88 137 975
139 60 326
199 75 236
114 194 120
124 194 668
155 65 625
197 174 16
193 192 867
8 129 617
14 135 268
165 22 956
138 112 215
15 111 689
49 24 35
167 147 28
34 53 244
9 1 417
23 194 960
88 153 888
55 166 623
121 131 596
75 20 108
40 34 770
128 82 545
113 49 43
139 34 895
181 42 296
149 64 41
107 103 193
146 109 711
119 29 193
113 55 612
171 94 646
139 173 879
82 85 79
123 23 912
169 156 705
15 104 120
54 162 374
197 59 82
106 177 510
97 42 316
60 12 10
104 103 982
133 136 267
73 179 796
129 193 51
47 198 613
20 194 71
113 148 841
27 7 204
35 62 258
168 147 194
185 157 756
24 181 486
19 109 30
20 108 427
31 79 572
53 130 823
3 42 723
194 69 881
148 55 295
5 22 841
149 6 949
103 182 529
139 152 990
167 171 97
144 154 575
114 158 856
88 160 98
161 105 966
40 52 820
133 8 994
124 156 751
71 10 684
151 148 235
91 66 158
138 9 711
63 75 20
117 114 131
13 74 235
129 65 886
100 150 694
92 73 201
193 96 163
76 198 62
109 88 928
17 177 888
126 39 514
144 107 627
73 120 652
58 200 117
143 99 18
187 142 842
138 135 537
99 162 686
160 22 925
38 39 701
124 164 291
189 60 198
166 84 869
17 142 268
84 36 567
100 174 460
92 111 346
28 162 907
112 73 729
188 110 319
87 185 34
177 125 893
125 91 729
192 59 70
10 142 857
127 193 430
186 84 692
130 63 805
36 127 477
115 114 338
32 152 275
64 80 151
108 4 241
35 147 899
103 157 592
110 83 336
138 20 972
180 150 386
184 137 912
11 51 177
100 34 881
125 97 960
74 4 316
66 38 814
163 92 722
106 1 605
40 90 976
162 70 125
147 5 661
9 167 663
185 66 96
64 142 345
174 16 948
40 81 338
53 195 581
125 100 534
80 92 975
55 53 596
178 151 200
190 160 967
3 144 584
98 159 326
193 84 693
91 76 573
27 80 919
159 4 619
43 84 62
16 138 514
11 67 417
161 56 976
78 59 71
61 108 581
137 100 816
28 190 91
151 169 570
68 79 326
37 121 609
97 88 98
162 50 564
177 11 372
151 88 182
172 100 441
151 188 492
165 15 633
55 117 553
175 137 831
99 173 703
58 70 143
106 183 392
69 159 2
191 61 642
171 32 541
10 182 729
52 98 895
83 152 964
35 79 500
16 129 472
70 139 293
11 44 475
1 64 433
154 54 845
194 176 76
85 185 409
164 188 307
58 71 210
20 57 40
70 72 769
140 141 59
32 151 302
57 104 766
41 57 171
84 2 347
159 86 83
118 50 871
23 59 341
184 30 397
22 99 220
189 38 161
46 21 63
99 78 966
15 118 574
184 1 175
129 111 661
11 181 462
32 3 120
171 186 949
118 160 447
136 148 84
47 146 857
109 196 534
25 10 603
198 145 555
123 74 466
182 36 446
42 67 800
112 189 738
59 106 297
104 193 596
139 40 693
146 148 888
78 124 649
31 121 794
184 44 667
48 177 54
44 171 120
195 82 260
83 141 165
130 196 109
124 86 548
168 31 247
54 60 171
102 90 243
94 74 638
111 73 15
115 117 537
185 63 618
43 97 910
158 26 858
65 101 543
12 68 174
9 122 985
178 175 875
56 82 420
21 196 688
156 132 350
125 174 846
185 131 823
41 147 524
135 110 991
59 119 464
42 96 590
115 67 809
61 123 842
32 95 389
118 51 920
19 127 45
63 111 575
37 152 674
159 38 183
148 96 701
163 137 749
151 4 215
111 64 89
151 95 384
139 165 986
9 183 512
53 197 222
178 33 325
50 191 362
32 91 209
131 53 146
78 3 101
44 113 764
131 16 611
113 106 975
97 114 557
159 166 905
132 96 138
55 145 480
168 128 570
127 11 222
23 40 377
122 83 841
37 14 456
46 78 961
171 127 627
78 85 144
181 16 439
117 23 536
196 142 263
116 68 673
89 91 513
64 12 347
55 48 912
110 45 590
69 15 716
94 44 152
189 25 120
26 93 942
160 40 35
22 108 902
45 196 744
156 11 956
54 65 355
164 174 552
152 195 518
18 40 162
121 28 738
39 6 30
131 165 222
164 138 529
64 183 524
7 90 286
113 143 950
18 107 676
168 10 422
85 180 461
197 100 641
133 138 46
161 68 562
133 31 100
60 46 682
134 4 171
18 68 914
119 86 172
145 5 181
165 89 712
176 85 211
167 169 148
11 130 167
172 14 949
22 74 747
102 159 950
71 129 218
135 199 255
57 143 259
189 107 100
99 34 936
109 1 505
7 11 186
125 134 199
72 155 424
17 8 383
118 31 63
134 165 61
139 174 403
148 162 861
46 12 894
133 120 494
36 79 57
172 3 142
169 74 849
192 43 856
125 160 686
138 45 603
197 183 776
150 130 89
9 128 900
53 60 772
98 47 850
105 18 4
45 138 477
44 81 71
99 5 382
135 94 626
88 90 760
14 191 42
53 151 921
152 4 980
74 53 778
122 157 795
124 153 284
151 197 965
173 47 921
153 133 215
130 21 256
88 34 447
128 39 997
47 190 152
177 63 404
153 136 160
98 11 913
133 113 509
96 37 507
15 190 239
180 119 11
35 158 597
80 86 435
75 84 424
26 13 38
180 117 125
139 167 687
50 99 551
109 194 788
166 160 777
3 140 847
13 174 404
160 5 841
193 31 77
167 56 89
155 36 357
78 126 323
115 127 621
64 187 566
50 152 726
177 106 17
174 70 990
177 29 794
168 21 424
43 187 32
82 141 19
38 170 896
159 84 222
131 148 208
95 149 359
171 78 264
186 51 934
126 179 314
70 147 135
93 189 873
75 71 566
44 108 335
138 18 571
110 148 470
116 43 818
25 13 95
39 151 498
123 76 76
36 146 22
121 190 763
192 16 33
156 11 892
42 148 309
11 9 609
79 76 651
47 100 215
93 138 317
189 13 593
15 48 538
36 168 279
149 111 494
132 19 904
22 60 403
81 70 211
88 100 886
89 98 137
55 190 226
170 130 438
161 145 437
49 132 356
78 80 67
170 11 485
24 184 944
177 64 365
138 104 216
174 144 313
109 198 455
134 168 784
122 80 80
158 129 11
64 158 42
129 128 852
164 103 387
106 80 603
21 17 106
187 191 249
99 51 599
104 136 766
86 10 45
165 119 325
126 182 883
167 111 562
169 74 616
155 132 447
156 104 616
12 91 6
59 141 808
8 196 896
172 81 705
168 197 23
43 75 204
76 41 666
188 9 540
3 115 823
48 70 878
62 81 920
18 92 260
177 99 55
71 23 88
174 190 436
147 184 110
149 60 150
14 199 111
104 1 25
77 1 847
153 14 327
72 184 770
82 112 421
88 182 43
174 107 384
160 53 767
69 153 778
169 118 977
78 21 329
54 49 281
99 2 95
176 25 830
145 106 941
164 145 674
157 118 732
139 30 136
104 98 88
33 66 606
8 96 578
135 149 179
15 47 580
60 174 756
40 118 613
131 33 558
3 189 675
85 127 456
19 183 953
57 15 371
61 174 466
190 108 614
167 74 12
97 85 985
3 124 655
14 54 87
170 8 676
196 92 154
50 110 936
2 167 502
171 179 475
35 120 535
199 38 608
161 86 493
96 88 16
149 102 822
35 71 229
61 66 321
13 68 582
100 69 100
200 191 831
26 177 350
159 127 540
117 87 625
8 182 713
175 83 766
195 117 988
174 129 406
26 192 493
124 144 483
153 121 611
54 79 137
192 195 775
167 155 156
30 81 990
194 27 658
181 200 186
137 45 79
8 70 622
99 145 317
132 50 637
141 55 467
76 46 414
49 164 968
155 194 848
96 187 874
152 119 625
137 55 69
166 14 490
138 112 635
6 195 36
41 135 690
59 162 487
71 162 50
37 69 443
35 164 782
59 115 52
82 3 307
102 120 72
190 58 136
175 63 330
9 55 265
49 65 778
134 135 940
183 123 960
24 157 123
156 167 789
7 1 792
64 102 911
134 43 120
68 170 382
197 130 389
12 179 253
188 112 740
78 46 462
36 70 619
109 177 785
97 183 937
39 46 438
148 180 833
67 199 402
199 195 531
138 6 261
142 146 725
80 175 970
140 163 791
109 71 968
45 119 550
180 157 548
17 105 679
200 123 77
200 73 72
81 163 629
141 104 526
64 135 701
32 74 463
22 183 285
140 179 604
88 158 560
186 126 416
63 125 290
139 124 915
9 157 677
188 97 532
113 112 866
164 95 139
177 68 673
60 7 251
14 95 809
173 80 486
139 95 411
28 33 334
93 193 490
168 180 138
98 44 1001
114 159 696
51 135 363
75 147 970
124 160 416
83 84 247
168 23 141
129 2 173
61 94 765
102 13 897
190 110 92
190 175 51
36 25 937
197 51 35
165 175 595
131 9 878
177 128 652
116 56 853
40 69 98
155 122 710
2 63 571
93 52 545
94 87 122
181 36 972
15 152 698
8 83 107
36 11 386
87 78 242
90 117 62
187 24 983
47 25 845
17 117 649
112 162 87
32 143 522
3 109 626
99 68 108
156 103 270
133 183 816
193 121 839
126 167 863
169 183 332
168 95 293
54 78 387
126 80 647
150 131 314
8 86 969
76 178 261
174 110 43
188 54 763
25 179 482
38 100 416
168 19 110
12 24 740
149 150 219
195 51 949
107 59 35
26 86 564
86 59 74
79 46 679
193 22 10
73 60 261
87 179 79
148 190 903
86 139 604
55 133 454
3 191 264
188 169 950
102 6 760
174 84 158
4 28 331
12 52 790
71 91 569
100 38 310
153 75 48
155 81 132
8 35 875
122 76 200
81 49 435
189 4 63
118 167 914
59 37 404
26 89 993
134 41 419
133 196 900
15 155 734
88 176 308
81 98 183
79 130 783
113 70 787
126 187 553
190 45 342
145 22 582
136 108 822
106 192 369
156 6 323
88 94 651
146 126 300
127 5 381
61 69 50
198 194 988
149 183 985
41 79 958
21 167 865
194 72 456
161 27 214
35 66 307
36 12 32
134 90 588
113 150 408
113 147 201
99 48 936
82 40 14
39 13 780
54 6 3
61 118 229
73 152 247
130 187 658
112 72 347
99 136 449
105 48 395
57 99 442
143 180 634
107 170 846
38 176 251
39 188 568
19 60 472
64 141 610
72 52 282
17 102 217
64 159 465
10 15 715
2 109 246
34 15 16
78 52 943
79 91 130
198 61 141
68 124 281
28 195 284
108 163 386
76 27 344
91 188 358
4 189 66
48 23 832
14 52 84
155 131 526
35 128 386
126 147 909
157 174 455
40 82 17
24 109 395
166 199 982
74 2 923
90 1 145
120 15 548
2 121 678
78 108 805
62 33 751
121 190 125
174 29 558
142 4 266
87 169 416
68 194 17
141 83 369
36 2 783
182 156 904
59 33 563
14 47 195
164 167 136
39 93 316
147 34 119
163 120 887
177 139 32
144 79 914
111 114 68
45 48 223
99 106 607
60 71 253
53 186 772
140 24 264
54 122 97
124 84 368
9 60 707
192 155 737
104 66 603
170 110 850
143 8 507
101 19 377
104 23 563
74 162 538
136 168 860
183 91 495
150 51 507
7 42 261
142 146 478
95 67 587
143 10 546
200 62 564
128 165 187
41 39 900
129 126 667
139 109 957
33 10 8
138 16 849
149 109 746
26 4 413
11 98 774
108 50 435
22 177 999
7 17 237
106 145 763
123 36 23
79 68 32
37 157 199
84 105 907
181 130 462
192 93 360
116 200 161
149 173 537
98 180 105
134 37 401
47 111 636
20 189 303
50 25 611
199 61 116
104 193 645
117 136 137
75 51 488
186 151 261
121 48 992
176 133 580
175 179 690
10 150 631
63 151 407
73 149 219
139 53 811
182 169 946
70 195 748
156 180 298
167 52 946
109 27 278
87 1 409
128 162 358
157 177 509
114 1 57
132 139 261
93 120 581
190 141 727
136 49 858
33 15 861
129 124 487
5 162 840
12 89 553
121 197 929
180 111 929
187 194 19
199 86 139
178 27 831
56 163 879
64 147 894
124 75 569
9 79 482
199 43 971
151 115 719
78 94 781
158 80 374
175 78 12
64 8 638
94 15 352
171 78 98
15 1 172
134 162 851
15 160 245
136 110 359
53 140 52
33 97 83
157 71 713
119 87 872
156 180 286
58 102 515
155 117 68
125 2 429
126 16 788
169 151 50
126 156 789
128 188 285
162 96 907
73 15 793
95 122 124
131 179 426
44 133 294
110 10 295
137 135 263
76 56 813
124 133 720
63 13 707
98 174 555
3 198 569
147 92 442
21 22 172
197 65 857
89 127 666
135 15 152
148 90 559
159 165 892
78 179 904
135 76 29
40 31 626
159 177 917
199 149 890
170 146 706
177 34 432
41 120 199
143 67 88
101 178 205
191 7 983
45 93 411
72 133 41
48 43 17
163 42 165
3 163 262
107 139 896
90 131 767
87 73 786
80 67 121
14 111 565
23 134 297
62 181 292
29 95 933
144 97 447
5 156 337
51 197 619
16 83 443
152 159 368
65 39 986
184 52 849
148 74 982
195 87 715
85 115 609
168 58 258
165 62 365
52 112 361
69 80 795
111 31 753
29 96 791
13 31 594
60 178 867
193 125 705
106 9 419
65 129 877
73 93 690
188 145 754
99 165 833
92 27 415
44 55 910
185 20 493
178 31 670
195 23 146
99 80 507
68 97 35
95 121 879
184 109 375
136 7 492
119 51 318
132 46 925
193 30 944
84 159 926
104 106 501
1 156 380
106 23 228
91 118 949
168 101 609
94 188 567
184 58 617
100 141 862
175 85 444
69 120 954
194 24 611
93 176 766
23 81 189
50 171 106
149 90 558
156 183 297
121 118 154
137 170 894
149 144 779
143 13 298
48 6 473
57 50 800
22 72 80
9 73 402
65 21 292
21 128 826
68 49 144
20 137 913
64 37 408
193 180 220
42 27 977
65 83 826
64 104 850
94 64 274
95 128 695
137 100 422
113 119 22
7 138 758
70 154 195
77 98 126
95 91 504
23 156 586
47 171 842
47 64 457
120 110 185
13 198 636
185 111 755
158 117 44
66 187 749
11 63 647
135 109 737
37 131 844
174 130 414
166 176 230
21 95 691
156 59 89
191 196 599
96 153 715
138 18 53
38 181 315
83 115 776
170 104 706
13 29 635
177 194 411
5 14 657
95 170 716
182 112 711
131 7 15
44 96 384
48 133 364
161 167 431
135 137 86
192 149 914
25 125 107
186 82 472
42 128 193
156 109 904
17 39 62
30 34 358
164 81 242
127 194 9
108 80 745
192 71 645
56 96 121
113 33 402
183 74 529
127 181 589
29 197 179
90 178 365
198 94 197
190 20 990
197 79 222
92 70 892
135 125 339
7 189 972
159 171 797
39 97 178
26 78 526
156 119 504
119 68 197
66 57 968
7 54 598
27 97 467
117 32 543
7 190 283
177 148 453
124 186 302
100 164 731
25 119 449
79 189 516
26 54 524
144 60 777
140 86 74
157 155 57
50 161 198
131 89 545
134 164 331
186 64 494
115 40 212
114 70 552
180 47 5
103 142 617
30 81 902
54 189 808
61 190 320
57 72 760
1 5 924
82 143 339
174 9 178
136 123 999
86 102 645
41 156 786
56 186 18
109 191 158
115 52 747
186 108 418
144 60 974
18 141 716
155 66 725
83 1 799
80 38 452
75 79 560
11 86 545
179 194 887
135 61 938
32 46 598
48 189 57
173 159 350
39 113 615
114 148 416
111 27 5
114 54 35
72 16 121
167 195 514
52 129 374
141 161 19
137 160 560
144 84 918
92 123 782
106 36 329
72 147 908
75 12 513
61 83 928
180 49 522
92 100 803
17 192 515
186 128 426
96 24 510
164 67 832
145 124 467
24 195 565
82 22 576
193 82 58
120 13 258
192 56 710
193 72 701
58 10 181
83 105 204
191 21 470
21 117 594
38 140 340
2 22 713
128 166 746
137 85 558
193 29 14
101 173 485
153 31 46
132 113 903
86 103 323
106 75 439
50 112 930
189 113 703
52 193 269
197 129 905
153 121 133
165 174 106
1 78 688
45 9 600
146 46 54
19 151 528
8 1 839
89 141 904
190 192 296
9 188 424
65 93 896
148 57 421
4 57 698
90 54 258
40 151 303
92 170 654
18 129 606
8 17 146
110 159 689
4 119 277
178 135 169
72 83 377
92 38 386
140 128 239
197 119 541
98 11 262
102 180 191
106 187 607
2 48 917
90 51 36
165 180 922
84 52 4
11 95 794
195 186 921
184 182 391
124 32 201
136 133 933
125 191 719
83 192 167
150 81 569
184 197 349
57 32 752
59 43 198
51 37 383
122 173 917
112 48 748
63 183 232
146 108 974
64 142 766
181 91 998
100 27 595
47 83 426
149 93 868
145 96 657
127 17 29
194 80 876
140 95 458
122 40 317
95 55 58
11 187 301
7 87 727
152 133 961
129 34 653
195 178 948
2 56 117
29 49 548
55 140 794
64 62 434
179 108 240
188 70 27
39 28 713
116 180 997
75 108 630
78 54 160
177 56 615
92 36 616
190 91 555
183 106 368
167 84 27
5 23 296
182 61 524
93 176 655
41 2 114
21 80 767
179 56 974
145 99 762
159 88 4
64 22 509
183 188 944
8 145 367
55 126 779
129 171 907
134 163 708
46 183 539
163 162 994
136 58 244
96 168 132
98 31 505
5 165 93
147 173 189
64 179 466
42 107 636
147 40 750
5 37 733
143 199 446
87 134 503
130 181 870
12 30 452
115 186 617
6 85 741
145 148 119
10 141 977
196 39 968
145 196 204
76 138 802
120 176 88
173 105 468
193 116 650
195 31 435
10 188 119
101 85 419
18 94 111
145 89 750
111 33 97
113 60 634
66 131 409
152 103 666
18 47 181
66 42 163
52 3 703
169 104 339
138 121 832
48 66 872
148 128 857
43 41 516
27 58 647
34 9 101
50 178 748
182 196 741
143 47 343
196 167 646
133 105 119
115 152 736
186 99 463
41 93 855
155 119 712
152 104 120
4 154 250
102 135 45
41 29 291
182 177 457
179 109 313
96 176 616
30 161 466
43 1 958
97 107 76
159 11 580
30 14 485
78 115 619
121 107 847
10 40 223
17 18 84
129 65 259
95 94 971
160 89 371
116 137 29
143 95 591
121 124 804
4 1 470
173 121 976
170 82 16
192 51 585
26 131 450
35 25 695
4 184 783
125 100 919
152 42 814
94 114 289
96 69 890
117 41 362
43 162 644
9 105 894
193 130 424
41 164 848
86 167 984
68 43 83
137 195 276
101 40 789
189 135 809
77 3 249
37 46 10
31 54 667
123 198 596
97 190 112
96 76 830
78 143 473
111 31 419
185 132 258
124 120 144
131 148 547
130 184 144
90 167 949
155 89 547
150 138 736
12 185 211
40 62 105
111 172 336
80 108 419
136 31 938
79 161 485
176 42 420
118 131 386
17 86 627
162 187 916
49 198 100
10 189 161
114 52 884
200 131 191
17 67 573
105 97 485
140 72 526
158 141 56
95 157 93
120 71 231
186 119 228
84 128 969
43 193 220
77 192 750
18 160 168
189 16 264
72 155 287
148 113 27
154 159 784
46 78 454
75 63 124
54 98 651
21 140 844
191 168 387
91 185 699
58 125 714
72 148 269
158 95 133
183 48 691
117 45 920
121 120 734
43 125 231
93 97 922
24 129 425
121 186 349
186 58 296
53 15 142
136 149 589
177 66 786
95 186 905
27 181 581
56 73 77
128 111 315
15 134 43
38 7 781
137 192 438
31 196 4
171 131 504
110 107 369
94 153 107
149 179 487
128 186 511
155 65 21
68 79 106
62 68 112
41 4 103
77 186 50
31 108 380
133 169 838
53 63 990
110 163 920
195 43 857
56 197 721
27 17 551
131 78 418
194 118 373
95 146 710
144 128 217
74 12 186
63 64 400
3 125 114
122 119 556
129 126 153
49 152 921
198 83 550
167 28 819
90 122 516
199 17 643
166 43 406
102 105 822
52 59 346
165 180 817
119 109 742
22 109 494
93 58 528
41 176 955
58 66 228
172 16 397
165 133 191
170 187 447
142 38 505
86 154 285
101 25 345
194 198 405
38 91 662
164 131 238
69 141 855
47 64 222
194 29 554
183 150 740
28 91 530
132 128 35
167 181 459
110 174 657
65 11 547
125 126 29
113 146 921
166 192 385
91 120 114
181 148 956
61 31 635
95 197 615
104 58 988
111 122 950
56 198 675
36 111 820
155 28 964
138 166 501
101 8 972
165 140 119
71 1 501
105 47 697
70 150 106
57 61 427
157 68 377
31 55 839
1 162 18
115 99 135
166 152 742
137 68 634
54 139 634
106 195 832
1 64 333
106 72 145
83 181 165
10 11 419
47 163 180
64 78 831
197 43 134
90 131 553
122 137 43
106 42 237
136 42 453
19 99 676
163 134 856
126 95 18
95 142 333
26 157 762
7 105 156
139 194 487
90 67 223
132 172 864
119 59 457
122 78 756
149 40 241
155 117 935
172 11 28
55 188 184
15 194 889
169 132 234
54 174 501
75 57 672
89 175 931
145 49 960
51 197 551
90 151 867
175 74 29
154 128 217
136 142 610
175 63 694
160 68 19
59 95 275
81 183 401
162 127 201
120 177 997
69 18 348
86 145 973
114 98 501
81 185 394
41 160 456
133 71 876
102 129 170
127 161 552
127 123 479
126 194 407
74 15 225
172 100 569
143 13 466
42 93 450
187 134 761
193 18 631
67 72 911
35 198 272
186 76 346
15 154 91
20 27 705
43 198 405
162 92 569
26 134 62
27 72 547
138 64 716
120 131 939
29 165 137
51 102 412
147 116 317
37 136 143
140 130 292
95 92 384
63 117 269
75 95 340
172 33 755
38 104 685
176 84 2
111 87 255
73 33 571
189 21 58
82 113 587
173 7 78
107 69 347
174 95 841
64 66 25
17 104 880
53 79 964
5 141 250
58 13 434
179 153 255
21 159 77
49 17 698
194 142 392
186 5 58
9 173 113
88 177 143
2 133 283
50 143 647
34 121 552
39 108 138
156 80 48
32 128 664
128 122 605
70 107 561
78 67 285
189 106 814
130 59 146
163 108 888
161 94 961
63 132 68
199 88 147
45 71 274
59 198 147
62 19 605
173 97 24
56 85 281
20 167 340
165 81 799
3 193 92
162 55 824
28 5 463
125 1 733
198 59 682
95 72 700
99 44 196
73 52 633
152 71 799
90 187 31
40 190 624
130 151 830
104 131 435
165 55 835
96 52 46
128 99 317
27 149 913
173 21 764
4 172 386
153 14 573
183 53 914
157 134 664
185 38 946
18 2 201
4 50 404
48 177 702
163 155 50
74 80 822
188 83 946
125 188 759
48 170 763
160 78 696
174 62 733
119 32 687
118 187 936
120 34 864
173 148 171
173 174 50
194 113 132
138 37 919
47 36 440
8 195 317
54 121 731
138 39 114
23 108 300
109 179 685
123 103 584
92 76 557
140 69 422
23 158 210
92 4 846
83 163 592
198 168 112
79 105 702
191 79 561
41 187 92
124 110 994
107 153 669
14 93 289
186 115 446
195 158 601
39 40 515
29 190 883
92 68 787
192 11 266
152 51 604
42 127 665
186 185 618
54 198 510
93 136 176
90 130 885
41 120 725
155 148 714
36 191 933
173 183 495
189 86 698
192 79 224
7 64 360
23 69 309
83 114 844
9 3 173
93 43 492
16 149 392
80 184 982
163 109 316
57 97 953
153 40 983
127 47 399
85 21 219
192 104 732
35 64 86
6 156 881
49 123 629
191 2 565
123 117 473
38 173 969
141 125 9
123 51 607
72 135 27
89 78 482
20 112 146
56 70 901
135 118 176
115 60 329
78 182 645
149 171 617
68 112 293
27 186 543
184 57 429
10 145 907
90 116 170
34 124 39
86 58 708
60 172 567
187 1 949
31 101 519
198 169 582
90 147 767
183 131 175
163 92 672
20 181 987
188 167 910
26 52 320
84 111 843
50 49 44
197 31 744
66 29 264
47 118 611
164 52 93
138 14 384
8 33 964
145 173 330
6 150 733
124 33 643
165 82 444
159 30 74
102 96 502
164 94 371
125 57 575
168 194 188
150 1 173
65 98 345
145 103 94
77 26 126
118 142 360
112 101 389
185 154 436
37 69 729
159 146 386
132 113 931
70 63 332
193 127 629
136 71 83
180 99 308
57 17 201
167 80 453
154 64 158
141 53 227
68 11 324
4 94 836
134 163 850
16 156 328
195 43 951
76 23 449
134 31 817
133 197 497
137 102 912
93 42 564
70 62 174
192 65 667
27 198 582
75 13 737
154 7 179
103 82 353
150 15 735
166 100 331
61 36 585
171 80 226
86 150 687
58 93 352
76 119 501
56 146 114
143 99 872
72 1 154
176 102 320
109 67 571
191 79 358
174 2 838
198 87 939
36 96 631
186 171 102
85 178 199
149 120 249
20 192 201
124 167 502
194 27 321
164 17 799
72 190 552
60 140 438
149 175 334
131 112 904
183 148 434
180 49 953
179 20 696
178 143 14
30 88 641
149 3 609
99 75 151
49 134 490
86 83 16
170 165 79
24 147 178
56 126 426
160 56 45
54 33 539
67 62 227
58 163 29
65 61 655
14 61 589
54 98 823
20 67 987
97 43 885
26 98 362
50 57 17
46 63 49
183 81 662
160 138 824
140 154 36
193 120 497
132 173 994
153 145 213
90 193 55
173 18 952
133 20 561
148 65 575
147 199 655
160 111 792
134 50 945
169 42 264
16 174 589
8 78 933
19 120 77
72 44 495
175 129 666
86 28 282
59 175 880
112 86 742
54 19 543
197 139 937
12 154 510
199 162 139
82 132 810
157 156 54
2 130 582
66 167 761
146 25 935
177 88 172
117 141 591
11 137 929
146 100 35
6 98 548
143 131 679
152 40 834
156 41 315
88 59 681
47 4 857
133 132 144
103 49 684
44 11 773
124 156 672
157 161 322
132 6 443
165 113 836
30 200 494
110 199 697
117 131 29
60 185 229
142 29 839
65 104 794
88 12 954
8 66 808
10 197 166
4 113 78
38 143 830
130 4 828
177 120 710
156 131 294
183 25 874
172 89 729
116 176 540
20 135 205
27 97 402
143 100 314
171 89 608
199 170 963
177 146 235
85 54 565
130 36 989
2 160 630
82 27 157
20 47 892
24 25 188
176 167 839
40 137 327
47 88 848
160 64 393
193 149 46
109 30 34
96 183 545
76 64 371
32 84 169
122 107 393
60 34 911
97 73 800
174 71 887
172 31 350
163 175 250
160 83 879
144 131 462
39 158 725
8 189 560
176 110 818
119 121 251
29 169 524
27 94 946
64 65 128
12 28 655
13 139 737
42 34 419
54 72 977
130 31 565
88 158 427
105 77 99
106 57 68
28 35 361
125 98 826
51 61 205
104 73 895
192 67 928
161 120 199
88 49 781
4 89 139
181 145 367
78 50 23
144 78 257
104 154 954
80 156 166
83 60 439
128 3 57
54 115 776
182 6 417
119 186 361
36 63 810
57 159 639
64 14 792
168 93 748
133 127 159
170 54 113
177 59 27
103 61 581
78 42 986
45 113 723
4 100 538
165 157 496
2 20 309
145 188 153
43 72 879
200 41 84
63 169 342
40 71 202
20 101 795
156 145 259
78 101 959
14 65 267
60 66 438
119 10 777
70 52 448
99 3 240
181 17 208
73 57 479
25 28 779
170 183 875
180 12 775
89 177 639
154 36 457
142 154 18
118 23 70
164 73 824
3 5 41
161 77 449
190 53 276
119 23 210
193 154 622
118 42 398
108 147 386
163 88 539
179 5 714
199 121 138
174 75 543
165 35 971
12 25 976
38 143 350
46 87 703
18 5 344
167 64 242
151 26 129
40 156 486
104 107 406
41 32 480
134 196 266
55 159 890
29 148 185
177 145 23
78 163 827
172 129 642
12 31 867
92 22 575
176 126 833
180 118 464
58 3 211
122 57 521
163 86 668
98 62 212
119 92 774
97 15 454
137 27 636
155 118 858
80 45 535
111 24 452
125 33 206
86 106 62
5 20 699
71 117 113
33 36 4
158 84 418
10 172 596
197 126 665
53 5 109
186 67 684
188 191 516
192 28 222
4 32 41
102 54 510
13 87 297
167 44 580
183 5 351
130 1 829
145 5 233
53 190 452
135 129 594
2 120 222
174 124 853
165 177 859
73 189 97
168 107 340
98 41 96
48 170 649
27 115 205
58 119 595
60 5 675
53 6 595
73 179 470
76 96 646
85 168 586
180 88 292
70 185 532
165 184 254
164 10 120
167 20 238
112 79 642
186 131 848
131 155 778
151 183 473
147 67 793
131 47 680
173 116 416
55 32 1000
59 147 961
177 66 180
13 177 459
54 114 741
52 196 248
180 146 182
52 92 48
43 22 646
73 146 314
87 153 145
85 11 844
45 188 909
175 200 637
184 5 703
76 8 698
122 188 444
102 191 935
100 185 109
97 57 254
9 143 958
104 180 769
146 176 156
5 150 707
41 86 64
142 161 71
38 34 210
32 87 600
166 186 384
73 82 240
77 42 935
34 146 114
153 43 441
107 48 390
164 40 475
26 133 787
48 170 220
56 2 306
55 119 92
189 191 925
28 19 119
161 52 464
25 156 858
64 62 505
4 178 96
30 155 628
15 154 150
34 10 751
90 16 421
132 4 211
8 183 781
125 95 385
139 119 140
195 134 554
51 90 331
145 119 237
172 85 991
120 70 152
21 160 319
40 43 874
1 50 57
132 174 151
115 112 622
54 59 907
158 109 748
87 5 266
74 128 303
63 199 724
165 171 835
82 162 78
155 114 727
10 46 253
111 112 116
83 165 174
141 74 634
87 112 591
104 186 318
157 200 669
79 165 39
65 46 201
141 200 714
18 161 711
69 24 223
184 106 739
108 198 813
141 85 124
130 140 909
198 96 509
65 174 425
103 38 270
54 130 622
118 148 182
28 168 805
49 151 463
186 59 60
149 151 696
72 32 635
131 181 530
190 46 456
13 100 245
82 153 975
102 22 74
34 49 441
190 97 544
51 35 554
61 183 456
108 6 487
141 137 19
22 126 664
76 91 515
71 124 419
196 25 441
68 10 289
60 199 538
154 1 924
106 62 258
160 169 664
197 61 752
14 82 29
29 109 919
142 180 42
160 127 18
151 147 380
190 6 578
126 159 779
200 16 392
57 127 112
71 123 572
173 88 6
200 116 514
70 10 45
62 121 924
31 71 870
9 60 675
137 138 585
66 89 800
56 97 126
118 167 400
89 91 287
93 91 155
157 112 164
153 125 436
75 155 706
143 115 317
168 52 806
151 117 95
101 173 791
177 90 910
175 130 200
12 174 42
165 83 705
79 35 230
113 61 984
169 155 51
85 122 302
41 24 218
134 76 542
76 52 384
184 178 313
134 189 39
175 106 721
30 184 107
58 97 119
193 65 273
42 101 946
110 27 44
51 102 95
33 37 272
96 171 212
85 97 717
4 126 301
61 184 749
178 176 765
1 169 18
145 62 959
112 171 385
106 21 439
151 5 675
173 53 645
184 137 741
99 93 667
150 153 2
49 83 729
13 83 897
29 28 158
138 91 728
121 197 501
110 99 857
184 72 109
179 55 998
119 105 890
136 55 594
136 103 876
63 67 711
158 95 690
66 184 180
144 105 928
43 166 27
51 149 98
110 128 704
106 198 208
194 133 614
187 68 317
13 82 135
122 39 382
10 56 365
141 199 821
19 194 187
92 105 14
194 11 563
1 156 95
165 142 314
32 107 595
166 180 185
146 142 240
109 82 191
81 52 184
66 48 779
151 139 83
116 85 445
77 37 401
123 1 894
35 33 800
181 198 532
164 95 73
144 35 157
78 52 4
7 155 295
40 70 379
36 98 815
35 20 215
127 7 599
78 187 396
8 102 42
31 8 197
135 103 383
42 132 787
45 138 541
90 130 362
67 165 459
32 151 631
197 29 189
195 58 727
141 65 428
182 95 236
129 181 338
62 23 622
47 19 159
186 60 440
98 126 556
108 109 258
137 105 87
76 51 544
1 192 161
179 125 7
165 5 740
54 18 162
74 65 332
183 2 191
22 100 468
128 7 328
137 95 632
22 170 683
116 122 226
27 100 302
33 65 106
171 70 723
83 143 939
165 125 941
106 98 792
124 178 950
50 114 396
80 87 317
113 2 438
137 29 889
37 13 553
93 135 174
167 169 316
104 133 841
195 38 890
137 161 667
85 162 780
79 41 666
194 106 220
182 42 600
70 31 812
173 123 298
146 89 866
60 145 198
51 139 187
140 76 299
5 112 860
136 143 852
200 136 957
170 118 751
168 139 181
130 111 55
26 56 96
90 68 240
38 118 130
175 57 557
24 14 469
82 149 611
85 100 298
40 70 967
141 189 505
120 119 168
126 144 423
172 186 642
162 23 960
90 198 968
198 21 981
65 55 129
26 139 781
122 130 450
40 71 438
143 142 556
61 19 452
83 190 637
123 151 11
33 193 760
200 190 533
179 6 187
59 31 277
38 104 758
38 143 380
26 38 322
133 98 340
183 132 882
170 7 832
179 39 24
138 190 365
21 169 970
6 179 152
33 168 856
189 5 750
120 182 339
40 114 437
130 96 520
10 17 526
193 148 117
167 37 906
131 57 226
99 62 204
2 46 323
56 186 327
156 105 61
94 144 374
81 26 422
199 35 838
76 179 985
143 146 621
47 76 629
72 126 842
26 127 887
100 134 873
25 90 529
36 183 825
9 15 450
29 13 636
17 40 215
1 182 560
172 181 387
200 4 312
192 181 191
78 80 524
101 57 765
28 92 547
3 100 713
51 128 78
38 145 517
51 97 851
161 20 631
98 171 786
8 163 166
149 192 446
72 92 302
187 71 145
85 74 645
196 76 924
72 113 820
188 115 668
189 27 88
170 124 410
154 84 772
118 32 763
114 55 606
166 42 477
110 126 902
153 121 977
27 193 690
46 132 604
112 72 631
150 41 506
159 194 189
81 63 221
43 177 827
47 94 68
74 3 193
174 107 266
150 134 10
190 131 293
144 194 964
125 144 4
30 54 549
17 134 411
188 128 739
14 127 833
32 200 835
176 126 94
40 27 827
200 16 909
91 159 302
53 84 797
55 65 450
2 33 384
163 21 711
101 186 37
84 17 189
69 144 714
161 135 940
138 134 907
45 24 217
146 76 852
141 82 316
142 35 149
124 198 569
185 50 106
21 133 474
160 153 218
72 114 952
162 3 38
19 48 61
34 145 689
85 37 570
199 178 605
98 101 554
65 86 803
121 58 887
146 169 639
162 192 504
64 105 307
52 123 954
112 108 450
199 192 886
167 143 64
122 40 716
74 57 553
75 129 962
112 74 130
102 35 121
4 51 225
61 102 699
13 163 198
98 82 92
160 3 532
26 29 140
178 55 668
138 167 942
67 68 528
186 23 730
162 84 584
59 48 148
64 61 463
13 110 744
55 21 298
137 46 678
75 23 333
94 161 499
34 27 518
112 164 540
41 77 575
23 136 223
169 151 635
30 115 344
124 170 764
173 106 609
49 181 432
180 74 544
29 59 370
97 170 85
188 162 562
161 184 849
134 105 351
167 86 266
109 10 387
71 134 892
31 134 624
13 114 249
155 94 707
75 191 229
158 178 190
70 90 526
69 24 30
171 190 515
35 99 76
20 121 9
62 103 343
85 115 408
84 69 53
142 143 443
169 53 172
109 74 462
33 95 885
61 65 426
127 51 76
153 22 949
113 83 651
54 119 318
12 155 786
63 96 481
57 16 485
27 124 710
39 109 356
74 121 772
99 47 222
173 200 795
120 112 30
122 117 548
38 80 654
174 94 349
53 150 564
88 129 488
149 119 348
103 193 468
74 43 715
46 15 866
40 87 929
68 160 245
166 197 276
19 122 369
166 127 671
81 14 999
167 162 869
65 17 461
131 90 903
196 87 270
60 126 508
187 193 619
182 111 567
56 129 488
176 46 214
45 126 228
194 44 941
61 108 709
73 39 950
126 34 237
146 46 362
4 32 707
21 166 817
186 173 345
73 148 990
85 192 668
63 137 511
155 198 219
62 70 609
11 147 42
198 93 87
158 96 671
63 117 36
30 54 808
173 126 708
114 163 699
132 177 836
41 131 985
10 145 606
17 107 952
58 104 644
95 13 540
164 28 608
150 57 61
109 182 739
15 47 853
64 178 629
98 18 712
33 180 808
37 196 514
188 53 769
30 100 933
120 15 360
78 165 569
138 73 902
27 39 348
78 102 277
105 152 846
167 184 625
173 21 221
37 160 25
156 141 124
88 13 539
198 90 655
165 179 279
65 5 117
163 82 218
38 139 121
83 57 105
58 30 477
77 66 188
101 22 528
175 61 740
112 58 430
117 175 8
194 39 565
61 154 246
30 143 736
149 177 393
4 35 374
79 111 191
65 163 964
144 138 624
82 1 882
62 70 656
21 63 846
184 124 151
180 153 494
67 53 70
58 57 504
182 87 367
171 104 329
134 47 218
156 80 571
188 94 40
194 114 902
39 49 977
188 180 481
32 46 534
101 55 590
3 36 828
120 159 731
48 92 177
16 199 609
185 187 102
23 180 367
124 170 967
51 110 146
131 141 344
15 41 598
3 196 986
29 115 344
111 114 987
86 130 185
45 114 171
97 137 303
62 12 72
179 62 981
124 144 522
66 158 114
14 112 909
150 141 976
44 3 289
29 88 418
13 85 284
134 181 220
187 43 183
58 173 444
189 96 188
61 113 945
174 79 657
33 28 149
7 24 151
95 52 190
63 16 226
145 102 7
115 88 601
96 97 973
139 38 621
77 98 533
172 23 363
179 56 743
78 14 366
179 108 569
120 123 185
144 67 438
149 182 277
100 77 774
72 167 963
91 195 660
174 167 683
136 145 290
29 175 103
193 153 763
160 72 685
95 16 503
131 116 84
159 16 313
131 39 631
44 81 226
102 54 744
135 141 840
23 169 14
77 161 767
38 73 638
121 167 205
22 50 121
57 8 336
120 90 174
101 133 254
125 186 459
67 121 152
106 95 720
118 171 233
35 160 257
72 80 975
75 54 824
146 62 783
32 133 624
4 33 308
8 158 494
18 176 566
168 33 812
38 103 335
21 137 894
76 160 526
2 187 379
24 132 592
158 164 124
180 119 308
39 79 665
131 96 993
47 15 425
57 4 327
190 177 816
83 4 175
7 5 961
136 29 293
78 138 208
152 69 526
58 107 204
122 37 51
65 35 217
40 92 773
166 81 949
132 115 352
105 121 957
17 8 937
108 85 426
66 36 694
190 94 401
145 167 389
194 183 224
162 22 715
133 139 547
32 70 262
182 127 734
89 143 342
24 2 378
48 67 966
93 56 411
92 152 377
31 98 911
53 59 732
118 143 871
16 174 140
28 155 418
160 44 960
52 19 761
181 19 27
145 111 635
81 136 883
190 141 493
72 10 35
141 25 808
32 52 515
48 164 110
159 15 880
118 147 250
96 91 912
81 196 265
17 28 401
51 17 893
142 89 102
128 181 927
86 164 330
151 12 693
59 122 60
90 39 806
138 86 249
49 118 444
64 135 472
15 185 240
106 78 480
7 157 61
132 43 176
12 193 539
104 4 460
114 45 51
118 182 336
117 182 654
160 46 140
182 60 676
20 166 753
99 124 462
110 7 904
36 18 648
174 73 803
32 186 247
81 56 581
168 172 362
172 83 559
110 64 219
184 84 936
87 134 811
99 195 417
1 30 434
200 155 907
153 187 244
151 67 899
130 186 471
42 157 105
200 18 569
169 153 804
55 192 289
64 90 435
79 43 64
63 42 419
120 146 957
163 96 375
60 177 361
81 19 269
185 170 887
104 138 239
106 144 430
193 7 920
26 37 962
40 99 555
9 19 500
164 181 748
90 192 524
49 25 894
68 9 415
153 112 304
143 169 847
171 113 853
41 138 89
153 129 988
58 138 158
109 53 138
55 142 881
129 142 505
174 10 465
187 114 328
90 56 896
135 179 808
139 171 497
26 124 26
164 181 515
72 89 919
160 95 613
40 176 306
143 149 915
7 87 381
85 176 236
180 63 966
138 1 137
186 178 412
162 94 344
75 165 433
144 125 479
155 164 654
60 58 554
125 16 241
104 101 368
91 32 430
7 121 630
142 106 408
152 67 101
95 93 217
78 37 541
107 191 304
112 2 362
64 79 529
55 182 429
22 24 660
50 31 381
31 124 86
189 28 505
88 74 797
55 151 233
195 9 776
49 120 729
9 136 7
89 190 989
116 11 964
127 61 194
106 43 870
142 31 697
197 118 370
193 124 672
176 118 80
150 167 952
78 127 487
35 15 628
22 131 39
137 9 851
81 66 693
149 159 323
44 156 192
164 148 515
34 123 833
65 25 151
15 54 477
52 88 44
78 62 926
115 198 134
116 30 399
159 179 157
80 174 912
22 138 811
136 171 86
119 35 510
68 1 515
95 52 402
89 82 215
13 148 564
145 64 994
94 22 372
50 54 745
112 75 482
122 10 605
158 80 191
18 99 192
131 146 795
83 34 276
97 47 24
59 143 887
3 37 260
173 38 113
69 149 988
101 22 397
104 179 229
46 148 927
36 78 672
29 113 506
104 161 704
78 171 46
163 174 634
173 146 271
85 166 572
71 67 993
18 122 324
45 167 71
123 154 101
193 135 165
49 190 125
151 67 895
148 181 468
180 153 566
2 37 283
172 107 749
115 77 623
37 73 389
59 195 295
110 140 429
73 188 418
148 91 284
41 38 264
60 17 616
24 18 805
105 141 111
5 56 339
178 44 12
165 54 758
10 163 897
37 187 285
53 134 975
87 175 12
101 186 380
116 161 350
119 17 490
180 21 497
70 198 341
80 115 794
36 76 309
132 113 695
167 117 429
140 4 755
102 104 140
32 171 500
132 41 116
68 42 38
159 73 704
152 60 380
59 143 492
152 109 160
131 200 963
84 53 219
174 37 541
24 168 382
139 92 906
178 160 747
14 118 971
117 21 630
47 79 973
137 183 633
95 65 585
9 101 837
178 74 473
69 50 193
1 188 484
105 117 195
2 82 313
171 150 685
152 196 564
123 132 698
106 179 514
89 139 414
125 68 240
148 136 489
91 137 628
174 193 744
167 195 577
30 165 127
114 116 122
28 190 54
76 48 784
188 136 274
153 12 741
191 160 76
78 2 364
56 175 157
150 94 551
125 75 867
50 140 735
171 119 476
175 194 723
109 134 59
181 86 670
120 28 381
146 57 383
109 112 509
64 61 954
165 185 381
30 187 120
115 157 439
190 83 384
63 191 469
72 171 106
141 90 885
72 187 941
5 95 604
65 110 264
169 74 201
148 56 539
67 170 695
56 111 777
190 174 567
10 197 689
114 89 530
198 161 516
89 117 11
92 133 520
106 102 594
57 49 801
194 67 522
87 74 233
14 16 358
131 25 954
18 90 43
98 39 355
13 128 623
22 19 356
92 76 209
36 133 857
35 126 476
156 165 501
139 178 316
95 61 740
199 30 230
192 128 668
145 140 347
119 113 517
73 4 793
80 192 725
87 26 850
113 133 214
13 71 944
127 117 956
66 68 585
46 59 64
64 156 203
10 74 67
125 98 823
116 129 414
39 15 991
40 128 76
4 92 546
98 18 815
52 35 482
188 80 292
50 144 599
4 153 672
21 29 921
42 145 849
6 135 16
148 174 895
22 130 986
166 27 603
131 79 838
163 18 269
54 67 212
51 22 716
74 43 945
193 84 41
193 42 375
7 189 501
100 10 630
36 127 56
189 58 86
25 20 303
93 25 122
55 28 743
170 101 585
65 45 821
104 37 214
77 195 402
176 46 811
4 81 689
11 70 498
95 46 718
197 90 694
117 145 321
10 66 973
194 130 218
165 185 606
177 61 801
177 189 46
138 144 679
25 154 948
122 49 745
190 197 635
34 65 531
154 74 796
125 19 77
93 183 61
98 111 473
49 87 813
93 176 357
122 153 510
20 26 710
164 167 258
149 200 922
78 105 148
72 182 166
99 74 501
110 171 11
181 171 450
193 64 977
100 137 929
8 157 506
69 72 72
77 20 672
150 97 328
96 120 309
12 18 183
111 79 905
73 59 276
121 3 691
96 102 827
176 62 335
80 82 606
151 158 625
173 107 921
99 2 640
7 166 209
188 76 687
43 148 898
117 20 300
6 116 954
184 91 367
117 122 248
74 72 205
97 44 864
169 95 17
159 101 182
167 40 210
4 82 757
100 151 977
151 108 844
55 91 286
20 160 807
66 33 831
21 81 26
35 49 720
51 8 572
183 126 411
191 129 845
99 181 795
74 83 654
68 137 897
104 156 856
61 173 840
90 145 472
67 132 321
185 182 80
108 116 605
117 107 285
112 5 665
57 30 747
110 49 835
5 152 590
11 12 314
1 54 211
71 120 142
142 56 475
20 163 390
175 32 448
11 143 52
74 152 233
172 61 481
5 17 784
146 27 948
10 27 801
19 49 72
111 191 479
184 162 594
125 89 825
171 99 719
22 172 70
5 95 882
37 52 698
19 197 76
165 6 854
116 177 503
138 87 45
16 71 558
8 195 646
183 117 944
52 138 468
73 95 962
153 131 613
2 149 361
28 66 519
81 133 295
134 71 533
129 38 355
85 197 501
130 131 418
72 182 507
138 54 1001
51 159 731
62 160 832
174 187 897
91 19 781
136 104 203
67 32 640
21 117 388
120 46 918
136 117 652
42 7 305
41 57 463
123 70 174
153 43 513
200 133 683
131 68 187
133 87 418
171 107 934
110 26 379
178 114 48
28 155 54
132 147 710
145 21 331
70 125 574
133 76 658
14 7 878
151 139 764
168 61 670
100 170 447
30 148 512
76 127 18
80 10 317
140 107 137
69 176 14
41 60 489
50 25 695
126 176 185
88 95 598
108 146 319
105 175 618
16 2 145
32 81 554
147 20 660
35 41 987
47 33 46
134 82 223
180 7 998
115 46 492
111 153 637
29 58 164
45 73 765
188 56 198
93 3 169
151 189 9
137 35 994
133 168 75
106 99 482
102 14 327
144 124 632
132 104 841
46 149 465
161 88 520
157 180 674
77 131 62
36 19 696
28 103 416
102 9 914
134 62 727
11 158 803
193 41 106
32 86 254
95 46 94
14 155 473
38 31 755
51 18 925
145 46 380
111 99 340
24 32 801
101 194 310
54 187 150
159 18 187
163 113 185
55 78 339
79 67 521
32 117 738
108 14 335
86 76 33
24 51 16
175 152 610
84 5 796
184 115 765
122 78 629
105 84 258
194 162 325
113 146 593
1 53 406
135 90 882
166 113 932
181 39 635
141 122 792
135 58 858
50 179 735
78 35 571
134 28 484
57 92 229
1 92 433
5 178 122
37 96 986
120 28 825
105 168 298
47 54 907
104 103 485
189 180 271
158 66 898
41 74 589
20 74 433
4 31 410
76 19 905
13 90 284
36 195 451
84 41 904
190 96 759
25 85 290
95 194 755
191 34 181
131 6 454
162 161 36
122 188 455
178 200 344
60 187 690
110 71 283
164 60 978
121 84 862
162 130 856
67 121 441
46 3 198
99 116 910
133 37 698
138 14 897
81 74 684
121 135 354
2 50 165
131 123 600
143 84 930
197 150 402
189 196 956
137 46 671
46 130 307
94 68 473
189 100 98
23 172 984
175 174 33
90 104 355
89 46 590
169 195 492
121 135 887
75 23 284
144 20 365
1 113 232
72 102 283
168 124 855
150 51 580
134 140 435
87 180 632
28 100 378
118 172 112
155 46 87
37 141 506
152 94 419
183 165 72
16 85 795
21 186 997
199 119 489
32 158 220
15 185 472
191 54 643
54 8 41
139 196 981
43 147 474
60 81 991
130 49 627
76 69 12
23 20 883
110 3 240
81 17 376
151 8 781
192 61 340
31 199 335
163 193 833
187 5 66
128 86 314
153 161 134
164 136 753
197 45 956
187 125 372
113 75 731
92 19 791
30 1 341
115 163 886
98 102 490
162 29 575
26 182 288
159 97 623
110 93 67
16 79 544
139 191 170
68 34 588
10 15 541
101 129 303
185 26 404
73 140 833
199 165 566
85 75 262
106 137 506
171 152 184
65 42 726
186 110 911
172 71 725
111 171 205
165 108 830
119 132 721
102 130 838
66 14 312
126 71 600
30 194 952
164 58 145
40 43 854
149 167 276
72 29 399
75 145 106
56 64 589
127 165 71
163 31 484
26 108 507
24 90 500
126 5 357
70 45 952
74 145 870
149 17 298
146 43 595
2 50 458
189 177 774
58 91 756
93 116 16
198 92 705
48 17 709
3 38 105
105 112 450
173 60 818
22 157 412
15 110 414
23 98 542
195 108 632
150 152 700
164 101 343
19 148 159
78 102 997
182 7 60
182 131 919
198 104 27
160 118 136
172 140 185
112 87 244
95 36 147
145 151 47
86 169 146
195 198 448
142 179 606
200 112 136
69 61 40
94 21 909
180 144 201
116 8 687
158 102 474
104 198 224
101 83 344
46 77 541
92 19 272
48 170 983
134 39 844
172 84 616
32 64 359
31 131 966
116 88 419
188 143 416
162 44 298
56 41 927
147 84 297
17 131 466
151 64 56
145 188 740
159 19 355
68 49 85
33 116 524
50 55 467
17 168 662
113 175 902
190 121 337
85 90 219
102 40 682
156 184 821
199 161 639
82 193 906
5 195 112
70 11 479
82 75 53
134 17 374
69 101 63
86 154 454
118 110 389
138 155 482
127 154 442
117 35 587
21 191 333
132 12 95
161 93 521
165 178 537
89 198 790
102 83 743
154 153 804
141 42 359
173 168 464
13 36 850
150 57 41
33 140 852
126 52 297
46 16 274
181 56 472
169 157 106
111 110 210
113 2 251
22 126 771
84 91 406
133 40 414
172 73 905
174 198 709
69 195 524
94 176 780
116 96 888
20 158 950
181 71 351
30 44 277
151 128 167
156 12 958
120 135 982
176 108 980
83 129 526
157 174 101
87 89 549
174 60 906
122 40 328
23 70 172
50 172 251
15 79 62
124 199 348
104 126 255
34 8 135
159 164 908
10 3 748
157 176 408
62 49 799
140 71 820
110 121 592
111 87 870
171 162 420
117 66 145
123 99 752
8 9 468
67 19 70
165 127 797
171 140 245
169 80 467
187 141 739
177 52 226
198 174 939
16 43 804
160 117 855
62 124 615
128 142 185
148 107 112
95 77 651
138 197 482
156 136 423
93 64 74
69 61 847
7 29 441
161 188 757
14 49 281
180 129 622
163 76 528
73 171 757
75 60 105
107 167 392
128 60 856
152 80 68
150 38 96
189 199 435
145 164 484
24 143 412
196 106 639
75 130 961
182 4 621
37 63 787
28 190 198
34 94 430
52 43 67
147 31 265
180 127 581
14 102 923
176 98 180
14 124 110
125 57 65
144 93 527
82 72 269
30 105 362
58 157 4
124 55 986
187 186 713
118 152 166
40 127 615
18 92 938
126 17 594
142 112 39
67 145 310
134 175 967
46 32 75
200 155 81
185 94 66
48 11 217
12 2 296
178 20 939
114 97 755
59 190 419
48 57 363
156 142 137
73 188 169
98 187 875
177 123 520
194 122 683
9 86 284
55 63 855
193 128 504
98 186 293
115 33 101
77 141 843
12 165 582
131 63 320
157 39 395
27 32 516
108 193 553
143 199 415
148 191 95
50 41 480
94 155 665
193 183 957
186 147 321
166 77 183
37 185 974
30 12 757
96 119 749
48 13 300
13 161 290
106 10 882
137 103 437
200 48 371
107 33 117
26 151 546
160 187 530
132 16 941
39 111 812
139 158 424
37 123 984
77 28 346
158 116 800
145 67 447
114 173 832
30 151 182
174 110 168
102 193 535
194 31 445
156 169 155
178 157 77
113 34 656
9 191 372
159 135 590
5 200 563
35 29 313
167 2 374
133 56 366
66 49 748
61 156 269
14 133 225
41 197 258
48 157 600
18 116 686
6 72 886
119 58 314
30 24 868
2 156 723
118 173 523
65 33 78
84 47 162
107 39 111
116 86 267
114 55 134
199 13 805
35 131 462
147 113 285
13 66 792
86 136 164
159 152 197
148 93 185
57 8 871
74 122 525
7 72 89
162 106 772
23 4 884
58 169 501
49 54 636
163 13 387
158 199 21
103 146 114
87 154 273
108 28 746
183 186 217
71 147 274
41 121 230
123 179 598
174 179 803
9 141 367
194 51 718
166 105 663
30 191 369
101 98 396
46 33 933
13 103 79
86 143 1000
66 17 330
62 190 508
15 150 400
181 144 202
97 61 307
110 90 249
77 190 899
23 35 131
154 48 33
184 85 727
134 150 743
62 163 284
120 177 986
70 109 529
71 157 341
176 67 830
23 95 971
120 118 806
49 23 605
32 158 641
157 91 142
50 104 56
85 175 184
69 45 893
196 115 601
87 90 267
115 64 314
84 184 783
40 184 957
195 16 915
34 172 5
126 22 261
180 106 835
163 174 479
6 121 745
5 7 234
23 73 250
87 156 633
68 148 568
23 142 383
136 128 507
92 53 328
151 185 185
136 99 710
14 56 430
157 60 388
142 34 60
190 72 767
173 139 666
139 114 8
73 1 487
178 92 539
56 194 275
39 130 173
99 95 828
79 3 840
65 96 825
75 85 97
192 9 787
57 100 500
15 124 501
100 101 144
189 156 690
63 146 971
186 44 817
13 74 619
3 138 315
26 164 151
73 155 112
59 163 763
109 177 486
160 76 786
55 65 693
143 79 390
79 76 58
96 30 547
161 56 110
63 80 216
125 138 179
86 199 355
170 158 583
106 12 399
197 106 77
185 169 140
168 47 768
176 95 797
121 7 404
29 21 684
195 145 773
172 30 171
78 151 81
11 56 644
8 52 550
83 188 470
173 107 869
139 82 363
87 2 321
41 182 542
75 129 838
199 52 620
168 81 370
199 91 226
42 98 229
142 132 417
10 105 75
77 195 909
190 33 462
110 74 844
2 100 324
190 98 375
8 18 56
177 16 946
1 9 796
180 150 679
195 160 735
21 36 730
128 26 514
188 87 139
182 40 639
104 29 136
30 189 153
84 165 769
180 117 329
126 96 679
4 43 638
137 63 425
17 142 402
130 81 240
19 63 479
56 118 660
191 147 48
142 182 364
61 162 480
189 87 327
18 42 969
54 131 183
29 147 876
30 28 157
68 47 219
98 54 88
108 44 787
154 138 368
68 150 129
98 90 568
23 107 361
143 112 891
76 141 590
151 122 969
106 189 167
75 38 821
113 145 416
98 50 753
65 117 655
144 14 744
62 189 403
22 131 914
63 158 406
51 108 279
171 165 68
136 191 657
107 56 2
122 153 203
25 169 920
78 113 685
173 126 473
174 147 955
38 162 313
195 12 772
72 134 137
90 22 679
146 128 134
98 1 287
99 26 207
169 55 319
53 27 245
124 152 343
30 142 504
141 136 668
111 7 801
198 49 774
76 146 702
160 43 702
197 93 879
3 62 886
72 114 112
115 189 16
9 18 157
111 110 292
129 173 50
129 170 850
101 197 995
153 109 837
6 105 282
35 107 543
119 131 8
30 45 796
196 53 566
151 116 627
193 44 399
193 124 721
42 177 917
35 129 177
23 86 82
103 121 540
44 39 870
50 20 667
196 15 271
112 165 186
90 157 782
87 150 505
6 143 481
74 177 762
49 151 399
81 53 919
20 48 910
40 49 129
105 197 944
175 60 860
111 149 817
91 36 918
147 193 660
26 18 388
138 19 939
136 99 943
5 70 591
113 62 591
41 118 387
135 44 247
193 155 795
160 197 782
28 143 927
38 121 144
25 10 314
162 145 165
55 102 234
44 166 447
34 158 765
19 92 808
16 37 114
10 196 111
142 176 5
67 13 925
10 37 335
122 150 631
85 5 732
70 200 250
67 33 607
30 4 99
189 171 287
101 180 634
162 74 409
166 140 622
89 149 10
174 23 160
4 59 716
86 80 267
134 147 700
140 128 455
189 116 425
74 169 757
106 82 230
114 47 121
86 88 222
94 61 844
4 64 854
70 150 486
136 83 184
186 174 63
39 162 579
14 187 899
121 45 780
101 158 579
173 195 866
193 88 326
187 44 942
39 113 443
75 48 77
57 33 451
119 23 364
48 189 751
97 61 595
27 114 304
4 86 850
68 78 537
145 64 932
37 54 45
78 129 844
153 137 677
2 7 51
117 6 391
66 54 452
11 81 165
65 84 2
113 104 479
200 48 494
131 36 547
126 113 827
168 65 516
195 19 674
45 135 880
34 152 733
36 114 13
151 130 649
151 42 152
180 193 551
24 123 786
170 200 298
147 168 514
61 162 884
134 158 770
164 144 273
95 179 986
59 82 267
106 184 908
8 164 853
157 187 327
93 108 727
141 55 894
53 67 207
88 200 365
56 115 460
128 10 238
64 20 271
130 125 855
188 84 170
39 40 356
117 84 16
42 24 622
86 76 688
91 115 240
6 171 154
64 50 515
53 113 334
122 194 610
175 182 493
143 172 884
50 88 567
64 81 190
36 166 618
122 9 732
112 14 302
65 78 303
178 130 16
63 3 409
23 178 742
115 72 866
149 121 105
115 136 186
55 171 351
23 45 159
154 156 325
6 20 602
108 150 283
74 164 637
33 186 814
126 52 686
190 1 958
93 67 294
77 73 16
179 96 460
88 1 216
11 6 787
163 65 688
196 90 251
32 123 789
44 48 440
80 189 792
189 81 410
81 110 483
47 40 330
106 127 330
72 138 487
9 52 104
96 48 193
97 79 867
36 74 866
75 106 54
17 94 535
178 126 196
11 172 35
139 29 561
19 100 450
56 61 302
110 156 101
102 4 779
119 40 204
184 66 709
36 82 954
121 11 879
115 21 203
148 159 383
108 129 635
108 185 95
8 94 802
107 147 5
36 66 844
39 1 109
98 36 943
51 157 753
80 71 374
33 171 484
167 78 765
200 185 349
45 145 394
45 3 93
48 39 310
91 29 910
150 126 945
43 128 653
147 160 876
71 144 646
153 110 875
116 61 11
15 105 355
160 149 358
51 197 148
159 39 576
67 140 53
162 183 533
166 81 244
40 151 387
36 103 49
109 171 509
118 137 214
24 96 314
132 146 462
78 56 852
4 74 944
55 188 326
138 153 158
180 144 108
166 179 10
13 39 332
72 108 69
36 131 964
101 62 462
161 91 517
164 94 743
106 101 730
30 190 482
186 170 577
44 135 955
52 99 545
135 122 652
154 158 983
68 58 596
128 170 639
196 133 684
137 38 136
17 19 526
97 156 95
24 199 581
177 3 31
72 89 952
122 42 261
55 109 270
2 189 440
39 184 324
121 72 162
56 40 332
132 136 288
25 111 838
4 87 640
185 110 728
135 31 169
195 38 630
63 39 218
53 77 153
176 149 824
88 156 15
18 87 502
104 63 212
93 18 98
131 2 759
10 137 789
129 83 226
157 97 664
173 102 92
76 77 193
98 164 100
63 133 987
163 189 1001
173 81 19
21 163 420
178 172 508
166 53 190
142 161 439
157 86 340
47 161 216
190 11 931
89 73 463
26 36 451
25 8 83
42 29 646
13 6 217
119 171 21
60 65 982
97 21 667
187 19 227
1 161 837
82 49 510
95 74 745
97 50 752
178 44 980
22 56 538
190 126 860
161 185 524
141 33 896
158 19 715
184 171 875
171 52 475
79 99 500
174 195 949
77 124 192
55 98 647
143 39 173
2 199 309
124 140 142
19 97 360
84 32 531
109 3 934
182 33 32
80 7 978
27 35 854
170 41 951
15 184 189
138 185 587
46 108 478
186 78 527
96 161 310
25 69 312
110 50 97
140 81 55
69 60 289
73 29 129
22 43 112
161 133 96
98 178 956
175 115 233
52 10 994
160 187 814
23 96 816
70 187 496
123 7 155
10 79 983
89 52 978
152 12 310
46 110 639
152 36 753
184 39 714
128 198 52
140 172 347
106 41 686
1 163 44
106 124 923
88 165 974
16 116 386
124 113 447
161 65 634
64 48 472
176 127 621
27 18 393
160 76 900
3 181 623
124 20 939
48 35 254
184 158 367
29 70 231
61 133 430
83 61 308
103 39 325
46 162 1000
29 74 475
127 76 608
101 199 27
38 198 414
43 182 723
8 10 593
189 23 477
17 105 89
123 159 127
198 4 641
197 185 314
22 63 189
28 163 539
6 153 336
170 147 669
91 154 631
34 142 853
149 184 220
75 181 23
114 129 559
178 151 22
165 130 736
54 87 640
140 56 986
8 99 139
37 132 32
40 193 741
99 142 924
117 168 257
91 81 737
48 10 487
20 126 169
155 179 807
193 70 815
178 29 265
67 65 748
50 56 741
189 155 34
64 23 401
71 113 833
6 113 642
44 84 367
163 38 897
120 183 566
133 112 747
148 130 11
95 179 619
34 120 373
18 135 547
169 5 812
200 162 724
192 5 359
109 119 749
156 39 531
72 123 394
17 71 475
179 165 454
196 150 125
167 119 59
64 87 215
74 38 976
148 181 533
106 89 51
53 196 689
134 67 612
78 84 434
151 62 198
155 57 699
78 175 617
87 38 703
100 64 140
75 11 920
158 116 760
7 120 555
47 53 221
9 82 856
41 33 469
37 187 325
134 17 851
149 103 241
2 3 304
92 29 466
10 186 382
120 144 501
73 190 706
44 198 387
99 190 371
166 26 758
42 111 726
43 11 628
34 164 382
88 55 962
153 64 899
85 135 243
136 7 384
192 3 934
178 53 323
147 170 101
55 163 963
131 158 174
158 191 137
90 31 344
51 183 359
148 19 294
141 154 52
124 98 854
56 75 906
177 173 676
28 180 190
190 110 947
114 19 538
1 109 320
143 111 54
101 58 472
193 199 777
43 122 674
96 129 900
152 57 825
178 85 204
167 74 465
112 139 236
200 139 544
118 82 54
170 182 663
40 174 261
40 63 614
91 167 271
114 144 707
68 110 532
131 174 270
165 173 408
59 91 289
63 60 622
125 52 995
136 19 515
21 10 977
33 100 695
54 13 639
111 80 700
193 163 473
61 127 846
20 138 136
59 200 747
80 76 798
25 12 768
138 32 978
66 16 29
159 22 394
148 132 273
47 125 187
70 137 666
114 156 603
200 167 754
98 46 430
94 22 593
13 112 824
141 177 791
168 87 412
160 187 96
184 185 372
121 54 508
185 120 616
186 119 982
91 16 579
119 62 400
110 74 311
84 166 639
25 133 78
36 45 264
82 180 248
52 100 501
158 85 220
124 22 891
104 112 906
81 182 119
32 43 944
141 126 709
131 151 794
7 138 238
21 171 17
67 22 668
118 131 152
137 55 126
178 158 989
34 191 523
152 22 965
94 114 491
154 196 593
146 2 682
134 22 852
149 40 825
167 158 755
118 46 609
194 23 719
133 56 661
54 7 482
18 53 547
59 158 143
50 103 696
130 188 470
132 88 709
155 54 618
108 123 63
68 116 285
137 49 893
196 102 299
28 71 503
125 129 212
18 178 866
113 59 53
133 142 140
192 96 794
9 156 516
22 175 784
106 111 584
197 106 437
46 85 308
100 9 36
110 27 566
127 91 576
178 23 918
117 166 765
61 126 520
175 148 846
109 53 756
91 1 613
127 198 897
33 49 858
19 111 284
183 37 926
110 166 900
178 34 265
141 94 991
12 21 138
56 129 342
11 20 494
174 98 243
70 82 92
78 100 602
160 35 990
36 144 955
134 121 989
149 13 882
138 24 854
26 32 983
118 194 554
162 167 3
4 188 284
94 65 783
46 24 769
34 11 112
187 144 784
174 93 549
7 182 924
59 160 755
192 29 148
96 191 715
97 146 702
179 191 967
113 36 142
80 21 505
143 159 248
77 85 692
24 91 826
147 101 785
100 93 965
47 188 155
112 37 300
164 15 842
81 79 677
174 159 849
77 101 608
123 177 292
166 153 782
190 99 634
125 198 126
88 196 866
194 59 854
44 23 20
85 55 499
112 28 409
160 104 861
166 179 989
8 96 341
140 85 839
172 161 589
49 48 736
65 193 347
117 37 121
135 121 375
184 32 603
191 143 658
50 60 436
38 67 683
177 6 167
167 178 79
154 178 327
40 42 119
185 110 107
104 44 427
78 28 811
31 170 105
87 20 565
74 57 831
155 185 389
73 151 518
150 56 695
27 48 136
97 32 45
2 88 440
180 117 819
141 147 589
44 185 960
7 58 568
189 165 752
176 189 55
92 138 710
185 117 157
71 13 741
66 14 228
104 193 344
74 133 42
61 129 626
171 135 236
137 75 552
87 50 740
140 93 229
1 29 345
108 51 557
47 116 323
25 172 67
119 45 952
159 57 80
184 27 366
18 115 641
120 1 642
58 93 887
85 93 715
29 152 318
136 199 33
57 175 356
75 94 752
25 52 160
55 187 538
19 156 452
10 75 653
3 132 897
88 169 189
153 149 740
21 84 290
53 93 65
159 167 110
110 143 761
68 197 700
5 167 455
7 129 930
58 131 213
153 170 181
92 74 529
183 95 165
23 99 57
86 57 975
146 118 517
58 186 465
156 142 831
9 148 959
89 158 841
101 62 362
32 154 236
112 88 482
75 110 780
130 148 188
55 93 106
122 150 43
185 105 536
166 66 683
76 154 192
115 6 254
76 190 759
62 101 798
142 175 307
120 56 54
106 110 499
10 31 48
3 167 105
137 132 122
171 7 27
161 74 33
165 149 374
74 10 874
70 103 400
128 22 655
132 79 316
29 41 898
28 43 216
83 180 747
3 150 506
28 62 979
11 179 527
183 4 88
7 26 142
5 153 763
10 36 193
76 17 833
172 44 428
186 78 807
84 80 708
188 59 321
165 22 251
42 4 255
80 163 480
20 167 584
133 129 619
124 4 435
108 128 430
134 65 59
91 148 738
149 87 549
68 3 170
118 44 325
123 75 887
1 46 254
135 178 134
