200 4504
52 9 928
131 108 905
116 30 52
5 125 919
86 101 202
71 165 961
122 148 463
61 92 199
180 136 345
22 41 643
5 45 851
132 175 910
35 90 340
85 94 816
154 131 468
155 2 232
66 75 932
127 135 223
124 66 158
20 39 950
61 44 194
111 175 368
171 161 209
109 45 455
75 150 785
141 104 538
172 121 612
102 48 498
75 123 764
31 142 754
179 3 397
172 65 323
90 35 83
98 144 727
151 170 229
86 111 732
23 34 253
185 87 252
82 161 574
196 191 916
148 121 918
96 44 782
17 134 768
51 183 511
176 133 881
3 18 343
86 192 776
89 177 462
139 10 622
63 5 764
177 104 484
45 151 328
177 168 13
144 18 395
5 145 279
36 100 448
129 137 440
103 177 216
115 67 625
87 129 781
49 58 436
84 54 987
162 31 754
173 126 523
118 82 19
195 70 470
41 198 606
79 53 734
45 167 400
20 54 529
151 54 738
186 137 591
171 98 573
75 22 98
148 91 380
165 85 1001
34 78 598
190 156 650
123 153 617
121 172 822
200 123 675
88 60 364
78 30 861
49 56 235
98 3 525
28 119 362
27 104 839
23 94 746
24 168 298
191 40 822
11 192 96
36 79 555
198 156 184
10 157 791
43 54 193
118 81 111
78 107 15
115 81 860
60 104 379
156 46 618
128 56 809
22 92 40
175 41 195
157 50 903
146 92 556
89 162 588
151 39 646
116 154 679
174 165 334
103 120 580
119 200 587
79 21 30
117 196 271
62 104 520
164 2 364
70 90 325
9 40 763
53 107 868
82 32 32
15 134 904
193 53 303
178 83 323
159 199 870
28 12 774
146 127 175
60 149 264
135 157 856
49 161 962
115 43 146
98 9 79
152 1 83
5 130 965
78 88 115
147 67 79
119 165 405
92 24 353
106 159 861
112 7 222
25 73 816
169 122 624
198 73 576
80 29 257
43 107 345
109 53 163
186 123 527
189 166 503
93 23 413
104 135 19
124 111 243
90 31 765
112 28 189
38 107 818
94 102 324
189 10 928
150 147 402
28 87 567
129 179 389
140 83 75
109 158 585
150 48 415
65 111 643
53 149 701
21 194 202
95 182 963
21 83 709
21 110 196
138 38 126
77 129 8
151 37 118
86 139 917
52 155 379
93 159 79
144 179 272
145 73 653
106 45 88
166 17 397
160 154 787
84 31 315
43 133 704
111 18 194
26 69 548
3 113 659
81 57 637
103 153 862
107 10 906
193 175 523
188 134 628
125 170 610
39 164 542
93 74 712
37 99 180
135 53 645
192 133 101
28 36 805
88 142 14
192 134 789
65 73 674
92 198 443
52 188 158
193 32 231
103 68 281
33 2 334
76 194 818
127 173 653
130 60 546
143 3 231
82 20 456
154 63 5
148 114 192
104 58 775
86 112 594
165 145 195
49 172 940
66 51 112
69 132 923
14 26 278
195 107 697
49 61 511
52 160 624
194 15 282
119 100 545
111 17 889
105 65 13
195 130 15
58 199 346
179 164 372
7 158 878
54 159 890
163 162 201
138 156 616
170 74 715
113 137 483
153 41 548
164 187 77
177 44 427
73 175 790
43 181 100
72 35 458
160 197 219
160 86 926
126 55 352
39 168 88
73 120 680
19 35 66
46 163 710
72 35 236
12 78 216
110 149 50
166 60 599
136 171 484
60 48 691
162 39 58
48 111 529
78 129 763
143 174 125
3 197 959
37 9 988
3 118 88
4 36 500
1 171 422
35 182 470
124 96 708
132 143 618
59 173 746
20 115 871
143 69 68
53 57 476
39 59 545
78 62 380
176 14 902
196 1 36
64 124 131
170 8 625
186 66 197
82 86 263
152 180 531
18 184 939
44 23 998
139 100 811
118 27 625
170 22 977
156 86 500
85 55 307
109 193 925
56 74 762
118 25 941
199 194 477
137 189 651
85 128 902
94 197 728
69 166 549
44 122 186
95 158 993
152 18 585
27 74 58
187 191 635
79 141 380
154 29 769
3 113 48
103 159 244
29 179 961
128 175 234
113 21 192
56 124 809
39 151 634
47 137 576
32 15 517
11 168 745
130 122 610
176 24 568
18 4 298
177 84 72
162 148 92
152 3 16
111 41 766
96 39 454
70 71 669
185 81 588
81 10 510
89 137 685
7 154 841
103 82 524
126 43 271
16 146 73
182 9 865
98 104 703
151 173 573
170 110 205
156 142 366
16 30 102
100 188 655
139 90 689
13 167 83
82 183 381
153 116 389
168 14 92
69 116 416
41 85 877
44 192 218
9 160 399
61 11 986
67 149 628
154 113 394
187 194 728
166 98 644
105 65 609
147 133 76
162 125 360
189 121 103
6 81 462
3 141 472
140 7 972
118 112 484
62 51 629
141 168 126
135 73 542
142 19 227
16 132 751
126 121 23
27 126 55
40 80 596
110 171 354
81 88 18
115 102 668
143 42 35
19 176 859
160 117 878
137 84 561
38 9 81
60 187 358
113 26 438
59 88 360
164 120 48
180 34 949
198 128 142
183 99 917
41 58 585
69 146 868
28 183 828
108 194 566
64 107 192
52 117 231
11 80 950
9 59 535
108 8 615
48 191 313
163 31 522
146 51 467
164 78 249
190 185 595
106 1 501
48 4 969
77 14 649
177 174 259
111 81 467
76 128 9
187 42 391
107 139 841
124 102 918
123 43 55
116 149 255
167 196 658
135 73 624
182 1 197
191 111 30
56 186 557
63 124 751
52 30 489
43 105 991
160 28 785
13 143 733
18 110 81
26 44 705
200 177 905
148 167 568
176 175 953
131 189 429
32 193 810
120 35 915
61 194 342
44 158 684
128 127 145
7 153 340
62 104 268
165 51 835
131 26 561
35 109 749
62 140 141
70 59 576
183 71 321
75 115 431
158 194 157
53 152 861
192 13 165
10 177 967
43 60 593
154 94 653
102 107 192
193 128 403
119 111 273
39 185 939
20 94 132
175 99 283
187 90 95
102 99 824
67 94 683
10 199 328
61 100 834
4 45 361
157 163 823
28 153 560
118 172 605
48 99 103
82 85 744
127 186 795
149 4 440
182 14 238
108 26 290
140 181 734
52 137 496
73 165 249
31 34 772
35 81 870
88 114 106
31 41 643
24 189 447
62 171 812
98 30 389
186 170 370
118 173 506
165 45 422
164 28 55
86 14 888
155 101 201
11 83 441
53 106 782
98 119 904
60 17 133
47 154 654
15 24 826
120 188 823
92 103 850
146 188 215
32 94 667
31 105 950
23 157 855
3 6 174
105 17 142
36 63 695
89 30 270
65 101 9
86 192 511
134 137 251
99 120 744
165 151 800
113 125 708
166 127 913
90 183 281
182 18 144
76 58 925
96 75 425
104 160 416
165 46 305
14 144 624
157 108 926
155 20 650
62 138 928
125 179 310
5 161 280
99 188 137
174 83 411
197 138 923
163 103 168
66 116 711
41 72 571
117 179 990
118 192 879
44 116 58
153 72 370
31 122 157
118 95 391
80 43 729
1 6 31
167 23 546
28 63 370
197 132 948
138 49 339
15 92 806
23 44 630
143 26 951
98 144 398
40 23 40
167 175 645
148 141 220
92 120 34
12 117 365
110 54 213
47 20 505
4 195 900
32 137 326
133 187 621
129 26 195
120 144 969
115 91 461
133 134 380
166 146 296
129 55 901
93 54 73
148 9 867
46 192 355
122 124 341
141 5 918
134 124 813
101 38 703
160 171 189
91 88 286
137 168 292
37 60 897
60 7 905
77 5 296
30 126 372
122 19 176
190 104 99
2 157 136
55 68 858
42 158 945
78 95 465
169 83 924
64 142 883
168 18 887
14 199 964
184 120 734
158 62 38
7 63 194
142 69 13
150 63 523
46 140 17
109 108 451
183 124 192
64 91 161
149 56 711
112 40 831
44 197 844
32 4 506
176 97 926
188 198 588
109 195 128
76 103 187
77 86 310
67 149 752
178 50 808
87 113 847
68 108 395
110 140 550
166 67 798
91 54 996
29 114 790
155 141 645
93 17 482
1 35 182
152 164 631
158 51 143
155 70 803
148 132 942
45 91 414
191 120 279
180 26 420
175 118 988
55 119 823
35 22 138
17 179 588
110 133 410
111 32 741
3 80 141
162 125 832
174 115 751
3 46 376
173 172 246
160 26 316
133 13 337
69 29 467
8 90 551
16 1 334
107 3 14
46 164 90
76 89 556
177 92 554
104 16 725
148 175 903
14 59 915
149 128 95
166 135 584
115 102 184
47 160 539
11 5 454
99 33 343
6 161 186
158 64 401
81 163 328
182 176 786
47 76 913
140 41 999
123 107 452
57 106 11
146 116 816
199 167 400
92 172 160
28 81 176
179 113 338
105 47 666
42 93 141
105 185 934
55 59 592
105 115 97
115 61 813
81 11 531
31 102 454
189 81 134
163 59 998
52 116 244
116 109 137
7 13 473
139 67 131
130 124 645
177 190 257
188 70 419
69 100 472
121 40 952
5 155 963
2 6 478
196 73 338
83 79 750
154 170 769
83 99 844
79 75 633
86 15 654
104 35 953
174 108 744
77 64 498
38 65 255
66 13 679
2 95 558
102 49 527
21 83 177
63 161 603
46 47 969
98 102 156
1 27 263
144 103 126
192 140 743
198 157 355
75 110 801
31 164 201
108 184 684
35 199 596
189 44 194
156 94 895
110 94 874
171 189 376
48 181 68
189 130 776
94 4 486
93 187 649
93 46 384
127 81 182
73 69 378
66 176 271
111 38 164
183 160 153
110 7 85
176 195 214
150 40 569
34 133 707
33 177 153
16 103 785
148 175 205
124 192 380
145 55 817
108 37 777
11 146 735
46 73 82
58 23 521
177 8 853
83 193 981
186 8 235
121 155 210
124 31 153
54 175 607
22 34 796
149 196 93
82 41 566
162 50 340
34 27 899
85 61 891
17 198 50
50 118 557
10 193 787
162 46 713
119 67 499
113 15 294
5 49 535
121 162 784
11 195 962
108 32 774
150 48 371
198 97 888
105 107 880
42 20 78
154 138 944
51 3 311
95 7 911
28 79 472
163 89 219
123 148 650
96 97 97
65 47 145
104 103 651
134 145 822
10 50 560
105 52 362
166 146 320
75 174 350
97 136 438
114 10 537
162 105 834
9 122 432
153 25 534
154 110 630
175 120 79
85 176 730
45 141 228
115 15 401
51 177 897
186 90 954
170 99 275
200 51 451
85 4 360
113 130 431
191 14 606
71 10 546
97 76 512
48 90 975
134 140 151
182 78 40
134 47 90
7 199 740
8 35 696
166 147 425
148 89 191
152 160 1000
97 8 876
159 56 165
132 141 657
33 74 534
24 7 332
112 165 482
3 172 516
97 90 63
72 37 903
61 140 414
12 188 822
38 147 229
1 78 721
8 63 195
92 86 601
175 149 918
55 151 241
170 199 930
183 71 118
84 131 410
97 94 997
69 131 743
96 84 973
167 91 187
160 135 424
112 109 772
28 115 323
67 84 121
148 18 943
16 102 626
24 150 519
20 18 850
113 65 485
84 31 727
21 191 461
43 102 721
14 81 636
87 147 71
158 94 89
100 110 942
124 133 691
41 104 860
41 17 676
76 52 506
2 73 248
61 115 501
133 128 181
167 166 880
36 124 173
75 23 234
15 146 119
56 138 174
66 131 790
140 6 642
45 7 266
43 20 380
143 152 460
74 70 177
152 57 300
76 132 122
60 98 619
129 106 309
102 171 391
90 111 996
82 107 555
98 101 526
29 195 629
39 69 498
14 172 906
113 199 589
185 59 487
155 187 992
62 40 314
3 82 424
197 163 882
102 13 583
26 41 377
53 79 797
101 44 369
6 156 967
193 93 177
30 47 764
172 60 955
85 62 836
59 10 751
92 112 963
73 137 555
200 142 633
196 194 76
163 199 184
80 144 428
56 125 74
170 49 485
123 133 698
158 143 707
107 34 418
20 58 707
173 58 200
156 53 393
182 167 544
116 198 239
142 53 963
166 174 411
49 97 895
145 6 190
3 64 823
171 83 433
28 55 690
26 162 94
170 143 12
112 59 409
101 200 462
14 166 635
176 166 883
69 63 688
9 65 503
183 187 585
14 15 191
54 192 952
146 161 295
156 24 105
115 124 104
175 138 421
161 113 539
194 133 801
33 142 617
134 124 403
118 89 217
59 142 961
10 39 321
55 194 897
110 108 220
12 35 309
184 147 221
73 140 906
72 124 199
39 58 274
40 127 562
8 185 455
167 146 693
38 152 638
133 61 697
104 25 683
11 160 229
183 32 921
87 55 796
36 93 653
108 84 131
68 91 716
73 9 413
164 199 517
200 131 129
95 34 353
129 45 664
156 179 895
27 65 549
22 100 593
25 159 77
155 178 919
21 50 728
184 13 526
99 164 208
27 10 642
130 138 838
193 94 16
38 72 432
138 45 283
129 70 841
4 24 370
74 44 619
200 27 631
76 78 394
34 56 603
26 185 941
62 129 986
28 119 9
10 56 454
43 136 675
34 92 98
2 165 493
19 116 271
200 191 300
144 24 355
98 50 140
189 63 20
173 43 538
132 4 593
136 47 129
9 32 572
105 34 136
148 4 251
18 4 441
68 147 616
22 44 417
112 32 32
130 156 474
67 40 229
10 175 875
89 184 307
59 40 892
193 188 895
194 157 298
185 24 197
200 45 192
167 156 224
149 38 331
173 56 170
1 17 545
26 58 128
131 116 719
173 61 106
67 54 614
115 191 838
62 142 834
53 108 742
75 9 579
156 181 586
125 181 2
20 7 659
98 89 127
15 62 539
72 80 144
84 146 734
120 8 275
105 60 535
45 86 543
174 41 123
158 117 856
110 136 262
120 185 702
197 200 715
134 71 194
76 106 140
161 26 99
34 82 558
167 126 443
60 51 435
182 160 352
36 69 439
48 140 176
148 136 927
62 69 149
6 97 454
96 57 31
193 42 712
149 161 237
142 20 239
176 153 598
78 140 667
67 187 158
41 87 494
166 148 914
65 105 210
118 1 818
147 145 660
58 94 972
45 187 943
83 114 696
79 143 435
96 10 422
5 2 708
97 120 7
9 184 863
170 53 63
186 200 408
196 9 453
166 5 991
60 39 105
154 118 847
139 165 8
159 169 762
174 26 616
36 147 21
49 132 220
55 80 980
58 197 184
48 56 423
151 9 292
107 58 129
67 27 97
98 152 274
112 187 220
131 36 104
101 42 583
31 52 979
166 99 587
187 1 747
29 100 246
187 6 504
66 72 282
162 169 233
34 33 572
53 115 359
155 168 352
88 198 3
17 115 653
2 53 405
148 81 105
192 20 110
46 85 534
78 46 54
110 32 638
32 36 305
189 142 272
139 29 221
93 45 336
144 199 388
148 146 21
3 89 40
63 87 276
147 164 474
200 73 905
188 104 492
91 44 633
113 183 613
133 75 57
19 170 607
157 69 952
176 71 393
166 134 79
193 80 642
65 31 667
120 19 370
10 109 814
193 22 348
4 106 974
11 76 343
17 32 212
119 8 34
110 125 567
187 117 399
180 133 581
45 52 399
177 157 233
75 160 90
47 171 765
141 187 996
151 105 155
135 167 632
101 153 348
50 132 833
29 176 636
179 141 249
37 69 5
20 144 517
108 142 487
23 82 225
17 184 329
123 119 895
153 171 1000
51 172 283
82 200 411
117 130 103
116 166 523
71 137 666
186 44 560
23 66 193
46 35 777
126 109 47
171 61 569
169 63 740
3 145 139
12 13 869
65 80 786
186 150 475
3 88 670
161 110 136
104 156 922
31 81 830
76 3 842
43 172 304
133 126 400
23 89 764
42 153 643
26 138 393
51 140 880
120 52 589
54 156 96
126 186 728
106 14 731
146 8 454
48 141 179
199 163 19
161 4 371
3 181 460
146 32 952
24 151 403
163 156 710
10 81 648
136 186 261
17 131 468
69 130 8
198 128 722
15 89 125
184 43 706
43 188 937
193 11 839
146 125 194
55 86 274
101 22 611
112 38 693
178 59 174
137 56 454
57 71 942
133 6 984
37 200 971
124 144 133
161 42 409
153 48 895
177 100 668
138 11 457
181 140 715
153 28 323
5 85 945
97 169 950
31 5 502
152 80 197
83 192 438
43 144 285
136 72 384
154 161 346
9 141 286
123 45 913
44 50 949
139 146 517
39 129 673
139 80 352
135 115 743
123 157 38
7 44 861
141 197 821
86 5 313
170 79 158
33 74 807
181 12 904
96 51 432
168 141 64
70 27 578
12 150 734
200 108 129
60 200 725
31 37 681
143 158 712
99 191 137
56 171 549
158 18 951
141 137 843
3 7 70
179 170 771
63 169 230
190 180 829
65 11 266
96 153 823
6 51 765
142 106 687
41 15 105
142 155 41
183 109 199
51 39 968
20 101 89
200 42 68
28 58 78
44 154 782
65 111 632
181 4 489
66 196 256
169 137 362
161 120 871
110 122 709
77 94 962
116 93 755
182 72 813
11 115 518
191 132 580
22 112 136
61 177 731
115 98 20
76 58 491
97 167 212
156 195 657
116 110 702
22 44 173
185 54 688
53 44 771
31 65 482
117 78 210
47 192 707
17 19 716
106 67 435
68 23 829
76 90 691
176 111 734
99 95 387
137 147 430
106 130 847
138 46 124
147 44 867
4 12 438
119 117 704
104 137 726
83 12 168
172 139 78
56 37 325
193 174 423
22 31 304
19 169 750
93 67 545
110 70 357
146 140 25
1 43 761
77 126 924
43 49 214
120 57 451
195 49 376
16 22 406
71 40 374
19 84 840
114 194 862
69 91 801
45 91 796
156 168 673
79 10 473
43 81 929
92 75 778
18 43 151
23 113 191
147 83 74
138 196 19
150 17 110
149 13 400
95 168 319
166 46 681
190 89 561
117 132 988
45 150 30
195 124 694
136 22 728
160 159 675
178 108 891
38 9 103
188 55 71
106 173 68
137 162 308
96 30 592
82 75 293
62 21 816
106 108 589
32 67 100
106 196 207
147 33 767
49 173 222
70 30 946
88 166 707
147 61 136
89 95 362
180 108 534
146 14 841
133 45 708
31 150 855
189 97 40
106 97 12
78 118 441
22 157 358
127 55 618
14 143 264
126 122 972
59 19 785
98 152 781
156 134 283
10 74 531
48 180 627
10 57 696
1 31 804
157 109 259
125 122 1001
188 48 323
110 58 93
93 155 196
24 111 730
105 120 603
34 119 934
11 128 943
105 128 573
108 84 881
165 8 355
116 147 354
189 56 411
81 100 365
75 124 627
3 180 346
157 14 616
41 24 743
182 81 870
105 140 705
137 56 865
42 171 611
194 160 619
155 40 318
70 66 193
96 21 173
192 129 786
7 169 361
148 103 241
169 159 932
24 95 987
87 136 758
49 81 269
66 35 260
134 105 925
126 200 697
97 143 825
81 149 946
192 49 648
32 17 206
114 192 853
100 31 940
8 79 821
27 144 607
85 29 663
160 154 614
8 50 157
31 82 905
175 74 953
173 57 521
130 170 665
133 69 895
71 28 173
42 54 468
200 90 96
61 2 250
74 9 451
181 191 133
84 118 6
188 90 662
59 171 31
122 103 452
167 126 31
138 167 685
156 118 726
3 179 727
3 4 87
52 184 278
183 67 595
139 6 36
199 17 807
181 90 109
183 57 234
12 146 353
47 54 70
172 56 400
49 58 603
135 61 186
163 44 405
156 182 562
142 133 178
147 65 620
7 47 76
191 58 773
142 105 826
163 28 681
161 76 290
163 10 751
99 172 546
102 79 679
15 21 163
191 119 27
9 125 425
35 116 683
7 9 539
183 171 718
63 84 593
103 198 955
4 96 78
148 150 557
178 116 129
139 106 247
165 67 724
188 53 791
21 11 799
110 194 522
26 56 357
18 110 554
171 114 1001
47 13 102
154 190 417
33 129 475
31 45 893
153 32 745
142 5 156
91 114 949
163 92 156
118 109 417
22 31 482
174 29 895
26 135 684
42 167 364
67 197 608
110 101 192
53 194 796
159 37 661
58 199 152
164 69 212
180 42 442
12 15 623
105 193 309
140 186 275
54 52 824
61 161 324
3 165 270
149 76 106
8 85 704
159 49 124
169 180 566
162 191 732
135 48 724
42 187 309
67 40 312
89 52 624
164 54 989
32 154 264
136 162 100
190 72 948
113 192 279
29 105 870
111 39 317
186 32 655
93 99 246
156 139 698
178 102 903
117 133 657
131 20 970
30 10 641
176 74 584
6 102 889
74 164 879
141 149 511
190 149 99
86 78 553
140 195 37
147 125 657
115 154 818
106 82 643
88 87 696
127 112 59
5 4 808
66 149 601
25 138 101
74 176 578
25 115 372
68 127 554
36 184 635
77 23 673
171 150 536
180 154 539
186 171 687
185 195 225
84 20 200
13 45 866
183 57 878
30 76 556
183 63 539
168 139 113
192 61 462
78 40 167
16 178 737
53 114 283
28 150 903
178 162 499
42 144 107
70 126 734
24 60 196
113 179 486
177 122 298
37 200 689
155 167 466
42 19 580
124 47 129
177 24 690
26 18 985
131 39 110
161 79 900
45 55 221
93 44 172
180 198 938
45 39 557
23 114 955
102 90 330
190 115 899
125 197 538
186 11 152
105 171 630
155 167 85
127 59 328
97 39 877
34 35 115
141 57 29
94 110 870
174 51 785
72 175 581
110 17 914
90 171 481
125 97 691
3 146 529
78 179 163
144 71 171
123 116 680
191 89 82
126 112 657
58 71 568
200 132 784
64 22 555
95 98 803
185 101 348
112 130 478
26 73 748
147 195 815
178 138 656
58 15 167
65 72 590
32 23 73
14 87 894
119 133 544
121 117 644
67 181 773
96 6 398
194 104 544
8 81 81
62 139 496
179 3 719
119 186 742
191 200 180
35 118 512
177 190 781
171 9 161
143 104 518
91 49 21
33 56 702
113 69 992
159 200 546
76 118 932
168 60 283
98 95 152
161 23 694
140 194 902
99 88 957
167 178 605
186 10 13
38 122 481
180 32 232
125 60 502
7 27 361
40 125 55
190 37 830
34 176 623
134 26 910
89 192 87
45 177 48
56 15 522
135 146 353
118 70 612
18 28 391
177 67 867
183 9 903
11 42 278
32 128 503
92 168 94
129 12 422
175 67 188
95 154 734
47 71 955
57 88 783
198 16 201
63 198 361
164 160 603
192 191 882
93 34 449
137 162 261
110 137 327
96 31 832
28 77 302
182 86 941
115 35 109
66 98 506
26 13 666
179 5 208
59 49 42
106 186 603
165 95 939
43 142 922
73 170 550
126 103 787
17 169 22
124 34 119
181 59 331
45 37 287
3 47 136
43 153 673
197 69 967
86 111 260
6 136 229
107 13 883
92 29 3
112 105 437
181 85 247
63 81 684
148 83 682
82 78 634
153 74 503
70 111 965
129 69 852
108 175 816
142 66 797
143 178 901
130 110 985
176 172 417
10 72 699
90 153 576
75 58 1001
128 79 264
91 159 932
94 19 906
108 112 971
103 6 500
154 136 962
89 63 333
104 24 956
2 65 909
128 139 918
80 66 948
94 109 259
24 2 429
128 61 340
49 116 697
100 21 584
60 110 246
143 13 421
98 166 86
157 46 224
25 125 690
123 170 798
132 193 751
159 72 363
49 72 78
97 123 499
79 134 960
76 77 172
95 126 538
179 34 335
2 10 211
42 84 780
38 16 972
139 126 43
100 127 666
129 23 989
178 101 322
136 176 350
106 23 675
194 1 260
79 2 21
88 43 905
66 32 872
36 122 997
29 22 323
46 102 897
33 79 950
153 166 77
54 71 699
79 17 900
138 95 253
157 135 448
12 200 279
82 188 553
30 168 926
103 13 827
199 197 457
147 102 422
174 155 244
72 33 460
173 79 41
19 42 392
49 124 779
200 153 299
124 7 911
101 5 308
156 103 809
176 77 763
170 148 547
29 69 717
86 193 347
77 12 988
67 60 863
197 59 967
94 134 974
3 34 130
61 141 33
20 116 461
133 85 760
79 65 828
146 102 620
43 130 583
181 197 642
195 145 52
160 38 737
84 192 170
13 5 862
196 24 177
55 109 414
13 139 30
191 84 132
161 78 461
143 58 409
135 52 753
138 164 142
25 47 134
146 11 90
6 158 465
182 12 373
146 176 711
174 166 546
56 127 223
68 21 433
27 107 36
131 44 999
71 69 998
155 14 808
43 19 518
107 152 529
30 49 305
92 23 22
36 30 300
10 49 720
193 76 979
27 6 422
25 28 842
173 135 407
131 177 978
47 35 81
175 65 130
30 156 504
50 143 333
101 104 782
19 96 609
196 75 566
169 51 145
161 23 479
119 153 656
95 200 842
174 126 706
102 107 13
4 108 956
88 8 811
20 179 307
27 126 533
143 46 783
86 7 405
164 125 909
170 19 108
10 144 585
67 198 291
78 153 951
184 40 158
194 59 336
51 37 814
182 179 659
163 17 65
118 180 141
25 149 159
132 110 255
67 176 852
109 54 804
58 37 796
14 182 606
101 32 195
113 13 125
170 127 541
186 44 920
125 69 620
35 152 130
88 18 857
90 78 110
44 135 899
38 101 680
195 1 464
188 65 428
63 34 355
3 171 998
73 96 618
44 130 969
124 17 339
179 58 16
40 101 303
89 91 3
167 85 155
181 24 219
8 38 204
161 40 175
109 65 270
126 108 351
45 31 967
182 161 376
149 200 676
50 88 366
3 7 402
156 187 977
125 194 215
79 106 6
4 167 270
24 92 329
173 136 959
90 70 720
64 18 71
139 19 559
55 173 917
8 128 903
135 4 649
100 34 506
105 38 472
125 61 515
5 34 603
114 123 72
184 139 641
54 77 611
163 83 983
78 42 262
131 177 665
178 76 98
35 132 87
105 9 548
171 13 533
172 126 7
42 110 345
33 115 573
42 77 408
175 154 249
35 84 425
50 14 853
98 48 536
184 104 744
130 74 508
13 45 786
18 38 295
114 70 809
37 63 237
43 37 790
91 71 425
66 72 438
69 170 37
4 153 693
98 34 918
157 198 315
141 15 952
186 80 174
145 117 588
180 159 825
120 1 847
143 19 671
132 87 40
119 42 744
10 92 977
127 200 974
40 140 740
142 77 972
66 21 888
53 152 598
28 71 351
25 165 569
94 48 807
132 167 601
74 128 44
1 54 643
125 45 534
16 139 10
186 4 582
72 56 133
20 83 155
169 60 71
88 153 319
94 85 285
93 110 12
135 111 418
128 35 814
60 50 152
68 187 956
200 10 163
131 30 598
36 198 457
105 38 409
174 131 845
9 175 155
172 61 17
152 47 405
103 66 991
57 17 401
170 99 230
166 134 179
21 190 168
181 164 298
176 124 872
129 95 284
96 82 471
98 34 669
53 88 886
42 96 702
193 65 600
173 31 85
103 3 227
69 135 342
166 111 65
188 191 760
71 87 193
92 136 178
112 140 865
196 181 560
49 126 425
199 98 407
35 200 961
60 69 496
152 186 558
15 125 948
173 147 386
165 39 273
141 102 12
157 49 945
115 49 470
90 48 167
47 34 919
7 45 539
53 196 676
161 10 200
59 135 99
44 51 489
67 143 390
30 99 38
173 166 487
41 55 686
158 102 71
27 60 515
164 64 62
190 24 71
141 82 357
38 77 407
125 144 750
113 173 248
101 97 813
138 89 220
174 46 873
43 25 732
108 140 347
168 130 570
190 70 51
145 107 880
103 31 975
51 95 347
49 195 995
13 133 683
183 106 280
54 101 704
136 8 196
81 128 725
49 117 546
50 13 404
80 115 434
53 117 80
150 118 26
143 130 110
24 112 368
103 117 868
157 52 827
151 84 954
26 84 670
170 133 683
172 13 749
156 17 266
186 167 183
11 109 664
119 133 927
85 187 843
151 95 846
177 46 929
81 71 12
150 193 496
183 164 260
130 72 277
146 57 243
127 67 151
141 138 35
66 22 173
59 125 268
103 53 865
182 133 335
144 82 279
39 16 43
49 98 466
124 43 922
165 122 141
67 62 878
52 80 499
176 138 575
42 41 227
105 174 760
190 118 193
68 108 209
61 156 906
125 80 900
197 196 21
136 14 283
12 18 962
62 193 251
35 34 643
61 90 417
171 31 934
114 50 41
73 110 996
177 186 427
28 183 223
47 118 588
80 82 205
192 143 597
42 129 382
83 141 423
50 111 54
182 25 903
173 49 365
120 178 550
145 5 84
118 51 754
105 83 435
60 74 329
56 67 657
188 102 350
10 151 460
14 85 236
115 57 885
30 128 662
131 73 818
13 142 668
165 198 902
150 58 128
77 113 594
85 100 647
33 61 998
43 74 282
30 141 890
65 170 818
77 52 842
93 65 183
111 181 781
12 131 190
90 159 654
34 195 553
80 179 366
28 22 439
60 3 379
148 67 901
116 95 552
156 187 768
90 49 949
21 60 231
9 149 941
61 135 736
164 14 666
128 41 487
118 100 841
95 199 907
146 67 753
97 22 139
162 35 599
143 195 700
83 7 34
169 171 599
33 50 39
71 167 690
110 14 440
168 159 106
119 7 880
9 22 942
147 183 129
144 78 923
194 112 330
26 80 900
23 64 701
12 86 820
100 148 985
91 115 95
195 185 702
73 145 275
166 91 409
93 35 686
14 28 397
142 6 628
192 28 44
44 192 129
62 43 76
197 133 142
90 128 79
142 200 23
167 165 114
175 57 300
59 23 927
7 164 84
33 108 312
27 151 55
155 164 297
181 160 830
122 1 109
199 95 660
172 61 425
84 35 233
182 46 655
60 4 371
142 188 278
4 15 428
57 169 343
105 149 302
133 22 454
192 172 148
50 144 9
73 179 795
57 113 192
62 172 595
183 113 983
59 69 397
37 125 317
178 181 817
30 65 391
83 56 762
29 106 657
188 130 836
134 138 948
124 200 271
70 182 535
51 193 403
198 181 280
65 111 460
32 92 125
21 174 380
134 155 237
189 94 767
175 27 904
73 151 655
142 172 389
28 22 733
29 171 113
59 187 575
118 18 67
193 191 392
123 124 346
159 64 640
76 191 418
178 15 520
184 157 891
171 184 864
54 164 834
165 23 172
91 92 990
108 84 732
98 158 455
43 116 870
33 191 460
49 121 875
168 104 383
9 26 518
72 79 33
104 195 207
27 37 498
15 144 733
97 42 291
150 36 406
170 20 549
181 20 621
6 187 924
139 148 901
7 19 931
38 74 125
44 100 762
92 66 257
24 162 298
113 63 933
69 33 504
168 13 724
187 170 462
61 108 609
160 114 27
89 103 901
165 98 400
77 190 866
132 13 27
29 77 690
112 97 722
15 65 286
137 51 607
197 112 714
5 23 179
182 64 681
81 28 779
80 104 320
144 187 684
121 15 160
9 79 208
81 45 672
117 133 875
122 81 738
186 37 160
163 19 423
195 99 2
172 130 657
90 25 644
172 146 610
82 106 488
88 139 132
111 55 616
184 129 697
120 114 333
30 77 551
52 23 602
4 194 531
60 35 556
102 158 701
110 191 6
197 30 544
79 140 951
46 75 479
141 146 544
72 176 972
174 179 794
174 182 139
103 41 325
57 142 682
108 4 424
65 152 54
7 30 945
108 27 620
137 167 165
80 191 92
2 164 822
195 89 4
132 143 996
56 200 90
88 59 893
111 123 244
115 82 625
58 189 652
76 78 370
192 109 760
34 110 75
55 104 915
9 188 458
3 43 609
43 82 67
134 144 190
128 58 223
104 116 763
106 143 640
74 86 748
185 72 58
10 126 713
124 86 500
180 88 94
187 83 176
4 168 871
192 96 529
165 199 796
127 104 290
117 129 176
64 113 599
72 123 324
183 46 761
34 177 200
126 163 82
52 166 650
122 110 145
1 26 895
147 152 550
35 21 830
161 36 495
158 107 617
32 41 814
191 26 542
190 152 704
70 155 421
118 28 882
13 180 308
58 126 811
158 161 383
187 121 418
80 79 676
47 62 517
11 53 494
151 42 645
5 63 552
176 133 731
57 97 711
115 107 636
76 64 796
58 2 69
26 33 699
101 31 360
168 41 164
60 143 605
56 147 820
6 123 104
135 131 600
196 197 906
31 24 922
177 33 475
44 59 708
93 111 938
52 78 331
166 89 73
122 144 572
140 101 246
42 188 976
192 183 124
97 165 147
169 142 132
42 137 790
100 30 852
37 33 481
118 198 169
141 119 265
111 10 317
155 51 704
81 195 839
3 43 3
101 11 696
31 52 633
171 104 214
21 92 446
100 9 195
19 149 66
82 12 875
198 118 78
52 199 272
89 1 714
43 53 676
137 83 279
120 53 582
132 25 873
128 124 481
74 95 182
138 176 545
163 125 462
39 129 260
61 169 413
125 11 65
199 100 700
77 19 104
57 103 129
81 30 604
160 55 698
92 192 26
35 107 550
96 145 30
106 158 599
117 82 609
133 33 460
31 61 79
133 117 733
60 197 162
15 109 969
111 152 160
87 187 18
188 34 915
16 139 472
13 56 105
173 188 137
31 170 197
108 102 866
39 114 14
152 80 474
71 190 426
181 29 764
198 16 597
111 31 535
181 44 342
36 16 729
124 198 450
119 106 552
135 96 217
100 199 696
172 69 37
148 50 265
110 199 280
105 109 463
191 89 58
131 124 25
11 47 822
59 118 879
161 4 927
176 55 477
70 179 498
58 126 499
121 188 497
152 44 405
165 34 45
21 117 520
196 127 319
16 137 636
46 98 391
123 73 246
198 95 376
46 152 501
143 24 88
38 127 84
193 91 317
36 63 833
107 58 711
24 26 48
58 23 745
199 145 369
195 94 615
169 140 166
21 82 342
59 72 68
141 16 511
57 4 373
40 110 383
150 133 360
196 142 182
91 140 478
58 87 371
72 55 710
188 27 344
80 86 767
147 26 382
8 34 585
131 74 894
112 23 978
22 170 119
154 60 411
30 117 97
152 140 903
12 128 330
154 7 815
71 105 440
4 112 874
187 43 299
32 106 73
8 128 242
78 81 253
87 63 121
182 14 461
83 25 140
11 131 498
24 1 955
15 156 18
39 95 412
136 126 518
159 85 397
199 114 229
2 200 491
121 181 256
132 16 881
70 26 763
167 2 963
72 168 919
88 6 213
99 93 90
167 51 526
162 1 640
141 154 191
31 74 924
85 6 739
116 27 316
77 145 469
191 16 636
60 104 393
23 2 37
63 168 639
187 81 791
177 21 744
119 3 618
41 88 575
178 155 401
44 32 946
112 174 161
98 33 416
90 7 417
125 69 736
115 7 768
104 136 389
47 54 791
15 94 230
188 23 937
187 66 968
83 177 693
43 75 325
9 116 131
25 192 551
111 106 757
78 10 92
17 8 745
6 22 990
187 161 212
122 99 78
40 182 406
131 176 832
6 184 99
87 160 891
188 23 196
143 100 157
34 68 516
129 73 537
118 11 849
80 84 500
108 75 81
113 157 808
95 114 743
193 152 655
34 139 277
28 82 728
136 67 395
50 147 419
138 64 382
137 96 865
35 3 540
114 67 96
72 162 210
166 106 361
19 139 452
46 118 533
172 5 751
117 55 497
134 144 113
114 80 808
130 115 10
68 180 829
114 4 742
74 169 847
186 139 737
36 184 606
119 107 611
68 23 617
163 108 512
26 174 791
32 103 657
193 122 837
20 187 192
160 61 760
157 198 250
92 185 585
96 103 491
57 122 65
24 36 724
134 62 497
124 93 599
179 85 272
166 56 259
156 15 119
66 171 268
114 14 452
97 110 906
138 118 27
153 142 662
76 75 923
171 150 968
121 81 452
191 198 908
48 154 74
117 171 445
135 85 458
185 133 719
89 23 189
114 175 130
127 2 756
48 173 858
14 45 738
17 187 935
75 187 640
147 55 611
142 190 447
199 126 379
68 15 601
55 80 528
135 158 529
42 6 453
98 171 249
186 187 836
71 13 822
110 160 676
71 101 17
116 51 943
93 119 709
45 125 340
123 60 498
2 53 103
54 150 825
101 135 412
87 157 824
59 66 135
86 136 788
101 51 238
42 96 908
101 92 985
40 166 244
136 167 496
189 20 597
12 73 283
22 111 839
197 170 257
130 55 792
116 107 595
105 149 42
163 1 85
146 40 250
140 175 416
34 163 388
181 127 412
62 148 322
52 96 643
107 178 49
49 45 556
194 149 456
34 64 456
69 9 896
117 149 622
84 134 737
22 115 63
32 128 362
104 179 458
146 85 187
145 86 631
99 79 732
153 113 395
160 133 603
54 50 303
74 85 637
161 106 903
22 89 30
183 144 561
191 89 397
176 186 682
5 84 361
135 189 825
80 148 157
34 1 958
135 26 642
122 187 299
23 160 339
4 142 83
163 132 523
110 107 708
191 64 192
125 30 279
80 63 879
37 149 256
29 71 794
127 93 554
64 48 247
145 162 979
67 72 637
173 62 500
115 163 650
45 87 831
122 166 645
151 154 393
158 183 63
150 61 908
54 76 955
100 21 117
29 39 140
16 163 1001
67 30 115
67 74 601
96 196 318
139 98 872
82 55 606
96 157 466
2 10 141
107 61 713
174 41 703
112 9 466
63 75 247
176 141 120
127 188 67
44 78 965
114 159 419
70 54 927
134 7 689
73 66 301
137 39 742
38 103 350
54 117 976
99 93 268
170 19 55
35 14 332
150 79 842
120 148 648
45 81 654
132 106 871
32 42 62
124 31 364
24 85 480
198 135 524
64 104 95
69 139 508
199 88 987
191 7 134
37 4 767
42 135 24
63 118 265
123 41 247
85 64 83
116 13 18
190 76 521
83 144 659
142 94 99
127 85 257
11 73 60
176 66 547
198 129 664
13 51 505
59 88 768
92 155 781
108 144 808
28 179 904
37 120 397
134 46 833
142 8 858
200 184 123
145 133 203
8 98 806
63 108 293
181 199 199
112 107 342
119 134 872
21 122 591
168 56 188
200 149 796
8 148 531
81 45 63
83 4 712
39 66 19
82 46 418
79 158 924
171 28 409
42 200 530
31 167 737
170 118 285
164 125 585
45 158 829
58 40 384
169 30 49
186 111 646
2 141 955
76 111 782
35 152 381
164 135 500
51 56 617
87 19 294
70 15 651
49 72 242
31 40 871
30 26 533
74 179 73
180 7 183
160 41 87
92 156 373
190 7 228
157 45 798
1 66 964
2 114 435
42 96 275
63 77 852
146 102 582
17 81 388
151 193 381
188 84 736
159 25 894
137 133 138
85 134 403
199 135 868
32 129 915
57 143 591
59 89 893
40 105 125
26 7 717
157 194 400
92 104 376
184 192 909
73 28 994
93 58 8
6 66 751
148 125 391
191 164 647
114 141 54
182 98 47
132 141 703
107 76 894
166 148 474
158 174 699
36 18 708
195 175 126
96 122 450
85 64 965
82 130 705
134 111 754
132 194 494
33 100 170
77 17 269
149 174 842
199 162 811
57 156 386
181 3 859
29 39 123
192 120 4
48 54 866
152 137 459
197 121 159
165 197 927
184 98 701
177 48 814
186 104 921
170 37 123
28 65 161
101 9 32
103 8 85
167 159 773
24 155 93
133 71 290
59 55 539
110 31 186
74 16 641
193 138 677
66 165 94
177 17 502
7 119 309
43 37 619
14 60 574
106 145 44
146 155 650
35 16 232
19 89 248
10 33 137
86 50 701
130 26 117
30 184 387
89 26 23
106 192 834
30 49 330
25 194 84
25 28 851
56 198 739
54 159 723
189 196 572
40 125 797
107 106 133
92 146 958
65 4 101
49 33 949
178 9 494
12 34 273
62 89 822
199 94 781
73 82 176
43 121 453
191 179 758
122 70 104
30 86 107
130 134 691
29 111 252
122 123 85
145 136 125
166 86 618
145 158 51
71 1 123
122 143 301
31 64 322
133 93 207
190 174 140
31 155 803
81 28 277
164 172 412
39 137 297
7 33 7
56 104 407
177 25 701
76 7 964
148 139 208
153 80 182
44 111 888
197 143 115
72 59 486
34 97 823
81 104 607
86 111 310
43 40 87
142 67 693
56 15 584
63 167 215
195 162 925
81 158 20
194 29 878
30 14 326
3 47 981
9 132 892
69 127 531
154 20 197
198 76 563
132 138 130
145 84 91
69 164 601
39 109 229
115 138 795
39 141 241
19 101 924
61 169 250
142 123 270
89 72 297
51 3 186
179 147 469
20 167 384
19 5 692
199 71 581
144 110 873
183 80 173
105 92 494
106 33 568
126 121 439
21 171 41
5 101 939
24 73 706
6 91 62
48 41 533
179 184 794
51 166 825
174 23 516
66 80 748
32 157 420
21 177 743
12 133 843
150 156 515
6 113 358
18 160 598
149 138 734
141 140 299
116 66 273
30 83 904
128 67 460
99 87 588
40 51 120
33 152 227
147 157 939
55 126 650
3 75 940
135 167 31
185 83 96
56 64 979
111 192 597
169 90 683
156 81 333
26 113 484
4 11 192
141 65 870
142 68 344
80 154 462
109 138 696
156 146 560
85 56 503
80 176 944
161 83 976
45 109 88
79 64 499
22 4 915
90 97 934
184 176 288
196 37 625
91 192 922
1 76 377
54 155 153
148 67 187
122 63 247
8 94 910
57 115 466
123 156 562
7 139 490
45 134 926
21 176 669
141 128 696
117 181 602
20 80 420
5 1 483
51 161 976
111 169 442
175 43 397
136 50 887
24 94 372
100 66 548
119 7 27
13 75 608
13 94 287
183 50 40
64 52 600
190 163 520
30 89 363
177 24 764
62 199 657
33 50 75
131 168 881
156 132 155
114 96 400
152 79 449
190 142 253
140 84 367
58 113 255
171 90 831
133 103 581
141 87 783
14 17 750
93 125 234
198 190 129
196 141 207
195 130 301
46 21 384
163 31 248
169 1 289
150 134 392
129 74 630
110 39 199
11 131 123
43 128 712
122 123 605
128 69 134
179 67 307
113 29 937
159 149 737
199 98 822
141 27 495
169 88 533
166 50 815
39 44 494
102 166 968
105 45 37
189 175 303
94 87 483
29 197 832
117 195 529
137 135 507
183 56 547
66 173 396
32 12 992
124 113 757
91 169 953
126 157 527
27 3 565
60 183 961
90 99 708
18 188 194
75 170 49
20 187 822
167 18 985
109 142 249
16 32 217
167 109 725
44 87 727
7 146 510
166 36 160
24 5 147
17 79 668
64 51 607
36 169 424
19 77 317
66 92 900
33 10 560
157 53 246
34 11 792
94 128 379
53 152 535
150 168 765
169 31 615
174 67 535
148 85 163
16 103 254
114 135 815
73 43 667
69 77 77
11 170 5
188 174 156
73 124 75
37 44 105
2 169 123
136 116 760
97 83 262
102 197 548
115 21 991
133 41 667
160 52 788
115 191 162
21 64 637
94 100 880
198 101 848
71 188 315
29 37 598
41 138 946
188 4 566
177 88 406
194 48 609
180 162 200
92 183 63
127 76 314
5 25 214
3 48 354
117 76 190
113 117 679
57 104 634
173 32 722
129 177 369
137 108 282
87 200 264
148 78 92
12 83 868
24 37 715
128 153 743
116 17 859
145 25 314
178 149 97
50 78 873
17 166 780
49 4 331
112 103 809
154 114 443
172 89 79
38 17 384
179 84 600
188 29 377
100 158 925
195 159 354
18 127 271
148 175 874
78 38 576
85 191 41
78 115 130
155 152 546
137 130 181
88 117 361
63 168 70
138 114 28
91 131 954
112 78 129
185 107 166
111 143 509
151 20 23
31 175 126
127 63 855
106 102 123
66 164 242
134 54 955
161 144 485
65 55 314
192 191 421
109 54 315
168 156 735
141 186 461
65 112 523
118 169 577
191 34 292
31 120 945
184 80 240
19 96 95
83 40 437
54 148 490
168 67 997
101 7 382
112 71 245
185 140 414
160 130 599
51 160 518
194 95 549
33 65 645
78 147 636
65 153 335
106 120 601
101 172 807
34 83 77
29 19 616
41 179 897
191 181 808
59 174 654
7 158 918
2 187 616
36 4 168
169 109 239
168 9 210
125 194 244
152 23 863
166 15 993
13 5 573
19 64 898
71 22 208
187 175 946
153 10 549
120 130 209
157 49 570
118 173 363
112 124 185
173 41 800
116 53 156
39 23 771
136 93 192
94 31 766
38 135 127
138 54 256
145 163 456
113 80 828
75 191 503
10 116 95
160 31 499
115 70 521
84 157 165
27 50 347
143 39 682
69 176 687
75 73 249
130 185 928
108 11 671
10 21 986
55 180 568
153 94 989
72 130 145
188 108 946
85 50 337
165 118 512
51 193 384
98 74 521
177 181 931
46 142 151
182 197 331
100 149 976
88 172 857
183 111 164
128 196 14
63 160 531
125 162 675
60 12 900
179 140 681
108 137 222
58 118 970
139 17 718
113 56 42
169 39 752
83 166 899
95 180 459
177 104 172
2 163 583
101 141 322
180 1 58
152 10 127
121 148 96
189 12 951
181 132 189
132 15 754
29 109 685
38 37 789
9 39 503
142 139 996
15 118 196
71 21 957
149 141 904
43 82 715
192 62 599
132 145 13
36 126 673
120 115 110
59 123 348
160 17 638
106 31 307
52 53 927
7 153 820
61 195 701
175 139 314
124 70 59
135 57 184
158 176 498
18 34 173
164 146 141
152 3 371
57 55 975
183 13 728
1 74 74
52 200 964
164 123 233
21 9 690
155 166 17
52 136 3
175 51 148
114 3 502
35 59 556
160 41 321
86 193 994
111 44 993
73 8 267
105 28 475
145 183 992
112 186 927
113 112 978
11 177 780
112 11 990
18 170 831
137 8 823
81 118 19
24 190 26
89 46 605
114 142 587
105 54 524
182 166 587
110 129 563
40 192 525
29 9 447
58 98 54
31 130 123
48 154 912
72 194 710
76 108 851
13 164 704
88 97 622
73 7 102
187 46 293
110 74 101
155 83 550
159 114 280
80 113 985
143 137 578
51 164 237
100 128 600
155 15 297
175 40 655
75 26 100
166 87 326
17 194 808
118 152 73
148 32 138
131 174 674
59 24 989
95 75 316
93 29 883
140 155 274
193 29 51
44 146 737
120 115 130
126 184 282
150 131 665
86 61 190
110 119 565
97 13 639
163 58 468
44 149 22
116 94 403
165 89 900
53 8 614
133 85 797
13 186 79
28 71 739
16 132 410
179 180 974
17 143 383
35 138 932
55 54 977
8 170 265
107 174 472
71 107 108
19 71 894
96 99 316
34 66 48
194 197 427
118 165 121
100 199 659
182 5 664
157 13 833
20 71 959
42 141 465
148 159 335
192 55 233
107 40 51
105 33 647
130 150 11
2 1 961
59 182 165
121 138 729
104 109 199
61 102 540
76 2 250
10 193 704
193 99 695
42 155 279
39 37 781
200 38 581
159 96 315
123 168 252
2 23 713
200 36 814
90 111 15
138 72 560
193 65 410
86 58 965
116 97 1001
95 96 638
74 7 885
187 81 404
190 82 26
101 33 413
65 122 324
31 12 795
189 156 411
197 193 869
112 108 517
111 2 364
99 76 370
134 14 402
136 155 484
113 7 516
76 72 390
150 54 353
96 42 108
105 190 700
124 54 760
191 164 361
154 15 788
74 148 354
75 36 308
109 100 715
175 127 738
163 77 391
66 172 584
172 76 373
23 152 426
181 142 742
140 95 308
79 121 7
31 147 594
137 55 93
50 181 620
138 144 848
127 9 219
109 133 846
33 107 597
9 87 339
149 178 785
7 56 657
13 38 3
5 175 9
49 176 190
19 114 285
65 192 645
82 101 729
78 85 235
74 93 273
163 42 851
146 200 458
2 12 96
155 17 422
115 17 149
103 35 14
138 99 758
181 132 258
109 161 942
142 34 234
14 196 227
15 94 227
23 47 590
69 1 558
41 115 574
189 169 608
153 106 858
109 87 541
117 147 502
9 40 687
42 5 83
196 42 974
137 62 774
93 103 641
66 91 409
24 195 715
81 104 553
24 181 890
110 22 895
143 192 865
69 140 906
193 76 168
165 168 70
156 33 112
164 9 658
29 89 761
132 12 733
181 36 513
69 145 686
114 39 829
178 107 168
34 99 995
152 15 163
172 123 947
34 38 955
91 66 395
2 149 159
85 81 394
148 101 490
32 15 528
12 144 386
130 177 36
124 129 250
37 52 724
182 86 161
88 176 978
33 129 726
190 14 406
182 161 907
22 145 473
148 156 616
132 85 592
166 8 272
167 44 724
89 178 761
1 17 688
177 49 616
102 39 629
58 172 590
163 194 534
34 141 289
200 25 725
191 142 485
13 60 80
135 101 457
46 101 273
132 77 274
147 130 912
126 188 635
114 102 228
198 88 921
37 87 745
161 77 438
44 42 898
122 128 198
130 174 850
153 105 126
25 3 808
87 129 595
121 194 96
147 192 783
66 28 622
161 140 850
198 183 91
46 57 419
194 138 592
42 90 648
118 67 851
124 153 531
69 73 924
116 172 915
97 189 495
69 150 34
118 99 369
7 144 225
24 89 114
166 82 603
165 199 669
14 75 574
95 143 598
17 58 969
83 107 958
128 127 659
160 44 157
127 3 52
102 26 540
14 144 821
168 108 371
35 73 997
159 167 292
156 135 701
123 169 7
31 96 534
88 56 129
43 134 531
45 36 509
183 49 4
154 16 311
76 3 335
71 113 901
161 68 987
61 143 156
18 173 603
102 61 658
30 55 744
111 100 379
18 34 379
20 188 995
81 15 949
14 85 461
65 198 481
3 58 623
157 27 547
110 129 207
119 110 814
61 20 65
38 190 498
15 161 637
160 42 851
107 7 136
119 72 485
198 74 542
19 182 720
116 91 848
74 9 109
86 69 681
149 58 422
197 73 982
33 184 375
34 91 582
120 9 205
3 158 230
143 128 811
62 43 253
60 116 214
120 1 434
199 101 292
19 98 516
151 82 99
125 115 341
105 187 701
60 189 658
88 84 185
49 97 180
100 156 495
64 27 648
97 25 348
139 195 797
53 146 630
102 70 697
42 126 483
141 137 471
150 24 554
133 72 450
111 123 358
157 187 384
3 35 561
101 173 955
97 177 252
77 78 121
172 119 198
53 12 334
123 161 109
27 45 980
28 156 255
136 64 441
118 66 675
29 166 599
183 14 375
33 91 452
105 62 523
53 67 934
138 141 694
45 167 338
176 146 45
29 81 308
20 199 773
93 179 491
90 161 904
63 146 346
65 2 808
186 54 826
118 143 166
10 188 84
99 115 30
142 143 710
1 162 860
124 6 39
13 47 551
68 61 296
12 77 449
170 63 855
194 180 197
158 142 936
41 192 50
21 85 144
129 85 657
140 161 614
177 173 260
126 192 672
173 156 949
172 125 611
25 71 942
173 180 635
107 172 378
156 192 863
50 121 99
106 60 859
118 188 984
129 65 375
151 189 82
98 161 207
59 137 629
152 109 808
137 16 180
114 123 771
175 172 643
24 29 654
82 147 841
64 27 106
189 177 446
70 27 606
75 85 143
54 188 603
60 125 218
160 116 16
153 139 644
6 20 942
45 83 168
101 72 697
146 141 123
102 167 759
195 172 547
197 31 823
165 21 612
8 132 127
22 84 465
64 89 837
5 86 871
123 138 942
18 35 834
139 89 752
97 35 675
194 31 706
15 148 78
25 155 561
102 176 796
117 191 437
152 195 674
22 70 611
114 87 398
99 178 286
1 26 120
75 171 503
131 185 2
159 161 356
118 14 283
112 130 73
99 82 20
171 55 289
133 168 927
129 66 56
165 19 433
35 93 603
136 23 739
136 181 99
42 50 512
75 113 794
147 12 427
117 134 281
156 66 648
33 194 66
40 110 636
71 145 328
25 32 550
162 168 82
12 161 131
74 36 843
66 134 6
91 2 940
170 109 605
169 141 751
185 180 660
19 3 156
97 27 388
197 188 707
77 151 467
158 25 654
151 42 339
156 85 892
94 54 600
49 174 741
150 110 72
161 80 674
115 128 500
101 124 640
6 152 542
24 61 366
28 12 960
118 167 44
8 12 249
7 12 575
98 162 436
168 122 116
193 36 643
43 89 919
81 46 670
22 21 731
138 1 294
48 118 12
90 77 823
90 35 386
63 84 747
97 52 620
163 196 808
157 38 696
74 119 693
94 92 914
175 181 714
67 29 783
77 70 11
50 159 646
187 173 129
132 22 532
103 184 527
109 140 965
3 165 835
46 11 678
110 185 210
174 4 390
155 32 260
165 34 770
161 20 495
88 103 516
171 5 299
96 113 191
11 67 755
44 113 717
72 22 102
81 196 257
69 102 488
79 18 321
200 178 492
93 18 395
159 188 999
56 83 464
197 46 130
103 89 394
18 113 816
70 145 163
125 13 864
12 44 282
83 43 411
174 87 28
119 45 15
116 52 250
178 1 695
59 103 535
51 72 447
17 142 991
178 66 556
193 29 399
25 112 993
34 37 479
61 155 75
26 22 78
74 152 678
167 10 980
101 12 404
98 29 345
88 6 410
194 150 791
143 174 454
134 8 890
163 20 196
188 45 17
64 71 168
141 37 129
71 89 941
73 139 121
168 178 478
177 171 228
118 113 1001
170 46 560
58 160 579
52 147 776
19 10 46
138 102 434
17 125 475
108 149 613
27 117 190
104 45 760
130 162 424
81 131 821
40 140 780
17 191 78
143 161 439
139 98 893
172 115 417
197 174 765
8 1 281
148 56 725
58 185 238
80 65 568
51 104 307
181 73 649
57 15 610
46 106 59
137 77 125
104 25 99
68 184 451
99 131 306
175 188 242
163 19 258
130 69 914
187 1 786
187 57 352
195 54 657
4 191 485
80 94 309
129 113 444
178 164 374
34 90 913
74 52 131
130 133 551
194 120 951
178 106 759
81 52 413
88 7 155
124 86 400
183 166 265
26 143 380
198 128 469
110 1 472
191 83 605
93 28 876
194 6 581
152 38 384
115 77 342
68 200 580
66 183 545
81 8 40
59 157 367
126 18 120
197 9 554
152 53 581
26 46 338
157 197 527
91 63 804
31 130 3
9 148 785
153 28 944
143 39 501
108 116 70
26 112 78
130 15 482
110 40 528
198 148 676
124 38 339
126 21 20
127 29 119
63 133 899
157 75 737
8 135 452
77 112 516
105 42 530
186 103 722
64 100 21
138 23 459
27 100 431
46 179 811
163 193 144
60 149 170
147 109 256
198 185 168
112 89 161
192 26 463
64 89 114
84 179 289
93 5 788
122 50 966
131 165 958
25 176 59
146 123 767
200 120 151
166 183 991
77 174 769
138 38 657
51 121 35
138 165 592
76 86 641
41 16 357
149 193 933
6 138 807
171 137 726
120 55 260
62 131 233
29 21 422
36 23 494
70 112 258
12 187 143
3 179 311
159 128 903
42 133 792
47 104 880
123 175 334
181 36 17
164 16 389
185 52 211
77 73 122
134 84 260
27 86 239
136 196 366
189 37 698
131 35 353
10 157 128
94 137 715
61 101 883
48 37 934
57 113 958
129 198 841
188 25 278
25 112 274
141 53 462
189 135 297
141 144 205
19 190 94
84 50 546
165 98 982
49 106 246
5 35 244
196 174 820
73 198 283
97 90 887
109 78 774
156 170 469
160 188 658
52 72 60
148 36 709
128 37 814
172 41 848
166 37 773
136 61 770
170 109 611
7 17 289
179 125 858
47 84 798
103 87 821
113 34 808
20 113 44
33 36 485
31 154 673
3 89 533
123 10 393
133 17 9
172 195 733
180 193 768
176 48 206
147 160 591
154 180 903
196 164 739
79 194 692
150 148 932
33 71 742
24 155 710
184 78 904
67 57 849
34 185 496
190 131 255
180 36 186
33 32 749
170 110 495
95 196 264
187 20 370
95 3 447
149 21 56
196 54 640
90 196 722
96 175 758
80 7 789
180 129 650
73 92 13
113 186 409
128 172 580
96 18 534
142 167 354
196 162 160
186 52 155
58 99 281
166 178 87
105 157 367
154 181 811
117 46 996
76 173 720
54 20 337
186 161 103
139 108 217
97 45 820
2 103 518
81 68 847
118 173 204
84 78 136
93 146 781
39 22 753
109 75 773
197 13 285
50 103 345
65 151 589
83 152 443
151 32 311
197 149 35
151 184 264
85 76 9
65 67 30
168 127 257
91 123 221
175 125 923
70 189 873
57 24 224
99 126 255
160 122 755
193 72 739
55 109 366
14 173 984
43 92 311
50 183 385
69 109 309
190 178 298
61 34 873
35 84 198
40 195 472
193 139 895
82 145 603
47 159 727
29 1 19
90 2 953
74 70 461
181 59 238
29 71 223
52 57 859
1 96 453
71 40 392
116 122 936
70 120 94
195 100 246
164 190 647
115 15 868
174 147 126
162 128 348
184 179 756
193 131 251
44 153 643
186 69 964
121 138 635
165 84 934
162 48 875
159 114 489
26 40 788
102 1 715
49 136 845
3 128 376
5 124 128
46 109 348
160 181 285
145 146 721
77 59 320
103 17 33
142 42 672
128 144 825
41 144 712
85 98 840
11 102 715
137 99 23
84 10 756
119 154 301
38 183 311
156 85 727
188 178 769
10 106 264
185 98 207
96 134 704
86 144 358
199 81 456
172 116 666
126 34 619
177 24 953
86 179 837
164 118 815
131 128 672
145 64 769
150 159 655
4 44 998
160 42 630
167 166 545
31 91 731
200 20 554
152 57 684
139 20 802
104 102 281
174 46 944
94 147 503
147 151 498
95 62 292
124 28 257
19 10 499
100 162 318
52 113 727
135 3 746
87 107 848
166 32 293
60 125 640
161 23 942
58 118 203
148 193 583
155 163 392
52 63 953
121 66 217
46 152 20
142 38 878
188 155 109
32 15 186
22 175 760
114 184 829
67 83 373
48 37 936
191 41 950
142 113 615
80 51 156
156 191 111
15 174 125
151 195 51
62 60 387
89 126 69
13 174 58
99 164 498
47 57 762
12 166 871
129 197 273
36 152 463
145 119 788
20 21 534
21 82 993
6 123 719
74 87 644
130 185 807
178 31 215
90 194 733
159 75 729
182 110 81
196 6 951
182 177 523
115 197 205
106 3 879
175 76 565
17 157 549
174 86 131
188 127 276
119 85 950
46 18 659
77 13 216
178 195 392
100 109 589
55 166 191
132 141 618
47 157 926
194 131 963
75 70 489
149 188 725
50 185 942
59 14 955
74 191 901
64 90 961
3 144 126
192 75 818
160 73 327
84 66 457
197 92 478
84 193 417
7 42 1001
5 173 405
104 189 46
63 191 790
139 135 216
108 94 889
33 130 706
40 126 150
116 162 142
131 120 335
82 19 34
95 23 159
50 126 99
46 140 89
34 31 23
1 138 869
40 122 550
96 161 675
44 76 788
136 158 908
69 39 326
54 85 349
11 86 226
108 132 918
147 117 900
121 117 989
188 108 510
136 4 270
161 199 97
148 135 54
6 3 844
130 8 129
29 18 366
6 77 897
122 24 214
172 96 882
159 83 790
67 170 345
135 82 343
30 181 277
34 186 832
76 116 39
155 96 409
120 101 37
167 174 12
131 145 707
12 103 989
152 169 110
47 55 392
188 36 972
16 21 110
198 97 425
187 3 672
194 74 373
182 41 146
192 171 891
98 182 945
37 85 466
98 131 720
88 71 508
10 86 528
118 35 976
93 21 979
164 167 252
87 148 692
31 91 215
72 188 348
168 177 233
32 74 915
150 113 385
8 122 622
135 192 456
109 84 277
86 199 195
89 85 542
131 68 32
144 91 372
91 58 900
74 89 373
187 191 885
123 198 758
143 84 749
198 193 985
25 30 135
18 118 572
158 49 791
140 144 681
62 34 891
160 59 531
83 46 321
166 120 471
75 62 154
174 11 346
109 35 728
195 52 845
165 161 445
106 53 389
137 114 22
156 108 78
27 26 797
96 52 410
1 25 21
97 134 255
23 80 659
67 44 419
110 101 623
97 37 937
70 63 314
101 170 421
129 196 198
76 44 49
84 196 74
55 92 959
109 67 838
118 85 633
87 194 133
109 43 369
196 64 583
108 164 952
79 44 500
76 119 695
123 154 690
147 9 533
56 69 599
44 186 83
75 72 429
158 132 23
78 127 238
11 34 1001
114 113 796
12 188 714
57 62 867
97 161 627
28 16 895
178 60 32
11 86 104
38 196 435
11 25 314
47 35 347
198 148 11
192 111 150
56 167 812
74 63 124
99 91 339
193 20 350
23 30 436
77 20 783
63 30 407
175 77 241
72 26 589
82 18 299
30 73 418
192 98 280
114 197 122
4 189 541
152 163 971
138 192 542
119 54 571
124 180 999
164 51 825
