710 1408 40
? 108
? 144
* 124 703 15
+ 268 338 37
* 471 609 4
? 593
* 353 420 97
+ 293 620 88
* 333 352 79
* 61 622 37
* 275 524 98
+ 142 336 23
+ 120 638 93
+ 178 437 95
* 226 709 87
* 371 635 98
+ 466 473 48
* 305 528 81
* 51 460 5
? 18
+ 33 297 10
+ 261 709 92
* 196 474 57
* 181 358 41
+ 341 633 94
* 143 543 63
* 626 661 33
? 633
* 23 701 34
* 201 538 69
? 382
? 579
* 209 438 64
? 615
* 37 470 40
+ 130 324 77
+ 136 569 20
* 457 653 74
+ 419 483 1
? 691
* 58 675 94
* 119 225 98
+ 287 583 16
+ 13 164 35
* 20 330 97
* 276 399 23
? 336
* 402 644 7
+ 16 662 37
* 271 335 84
+ 140 490 5
+ 170 297 56
+ 251 633 2
* 51 471 24
+ 587 622 81
* 341 580 70
? 75
* 75 667 100
+ 371 422 9
+ 139 263 77
+ 350 423 85
* 297 471 75
* 7 459 7
* 139 395 92
+ 92 257 49
* 323 565 33
* 502 570 76
? 88
+ 60 487 55
* 455 463 61
? 140
+ 26 84 6
* 209 464 51
? 199
* 58 205 62
+ 423 427 32
? 428
+ 25 282 34
* 174 326 21
* 664 675 41
+ 18 584 76
* 222 682 51
? 398
* 276 322 47
* 482 614 87
* 2 328 96
? 394
? 609
* 231 482 92
* 24 233 40
* 382 417 76
? 163
? 91
+ 477 681 60
? 400
+ 83 98 54
+ 197 627 42
* 272 437 63
? 84
+ 172 174 97
* 180 682 10
* 443 610 85
+ 143 372 44
* 58 230 28
? 494
? 250
+ 233 328 65
? 271
+ 243 553 4
? 613
* 177 614 89
? 47
* 74 488 74
+ 7 448 90
? 442
* 237 488 96
+ 538 656 37
+ 101 437 46
* 66 153 39
* 492 626 48
* 374 606 15
* 179 675 98
* 71 403 13
+ 290 570 88
? 396
* 224 548 5
? 5
* 9 596 95
* 32 91 70
+ 84 123 64
* 632 699 57
? 537
+ 337 341 55
+ 515 671 42
+ 128 467 52
* 319 585 18
+ 690 702 2
* 326 370 74
* 110 639 55
? 492
* 554 660 26
+ 365 454 95
? 239
+ 486 527 24
* 153 570 62
+ 359 378 93
+ 171 228 93
+ 608 643 28
* 257 292 78
+ 408 550 68
+ 17 600 16
? 698
* 468 481 78
* 158 354 82
? 388
? 200
+ 384 492 50
+ 213 681 44
+ 243 664 65
+ 493 604 68
+ 171 567 70
* 304 412 30
* 234 393 66
+ 335 362 62
+ 379 452 64
? 37
+ 32 674 43
* 71 153 3
* 419 558 65
? 652
* 306 548 60
* 302 447 90
* 85 326 94
* 46 249 22
* 624 637 87
* 334 335 25
* 75 132 62
+ 161 411 100
* 364 427 98
* 65 148 43
? 633
* 477 661 11
+ 146 691 63
+ 34 47 39
+ 54 590 85
+ 330 389 11
? 453
* 381 652 60
* 34 78 59
+ 252 512 11
* 296 434 95
+ 100 695 46
? 314
* 229 379 42
? 151
? 292
+ 369 507 48
+ 231 292 90
* 405 644 88
+ 127 509 76
* 41 282 72
* 203 524 17
* 416 473 63
? 411
+ 94 521 96
* 141 204 91
+ 97 639 58
+ 670 685 30
? 499
+ 597 603 85
* 270 320 64
+ 285 416 69
* 32 152 94
+ 263 280 35
* 461 502 21
* 284 680 31
* 223 576 82
* 64 432 71
* 145 633 87
? 385
? 573
? 97
* 355 598 89
* 60 665 30
? 97
* 231 509 80
+ 151 566 19
+ 605 708 5
* 422 476 93
+ 107 198 24
? 359
+ 187 675 30
+ 670 677 28
* 14 615 94
+ 151 408 50
* 121 155 93
+ 46 472 92
? 135
* 423 618 44
+ 400 559 94
+ 97 422 7
* 397 496 29
? 42
? 533
+ 201 295 11
* 459 601 90
* 50 437 5
* 125 463 18
* 114 261 70
? 241
* 174 342 88
+ 340 500 76
? 191
* 83 659 87
+ 399 526 14
+ 362 481 30
+ 254 622 53
? 595
? 355
* 144 284 13
* 238 383 76
+ 54 403 32
? 478
? 496
? 121
* 421 592 17
+ 382 382 83
* 103 468 73
? 679
* 172 594 72
* 478 593 84
+ 324 456 12
+ 456 482 93
* 104 674 56
* 150 159 44
* 12 104 46
+ 10 261 61
* 16 678 22
* 53 631 13
+ 103 559 67
+ 300 391 81
+ 657 705 14
? 74
* 155 185 16
? 272
* 133 450 23
+ 295 488 80
? 153
? 410
* 479 540 81
* 59 584 1
+ 177 634 6
* 208 693 67
+ 223 538 59
* 377 557 83
? 210
* 604 689 24
? 580
+ 14 247 24
* 162 569 93
? 707
+ 312 637 43
? 35
? 527
+ 129 153 64
* 4 219 67
+ 366 607 18
* 119 598 32
+ 83 560 1
* 63 298 88
* 7 594 30
+ 108 309 100
* 212 591 100
* 79 389 90
* 501 596 92
? 156
+ 317 453 98
+ 220 557 33
? 429
? 483
* 535 694 64
* 643 654 83
+ 228 386 56
* 394 594 15
+ 36 404 40
+ 75 442 78
+ 300 462 3
* 271 388 50
* 384 452 43
+ 314 575 74
? 518
+ 211 668 43
+ 107 677 87
+ 69 508 68
* 433 520 91
* 422 709 66
+ 144 441 55
+ 93 560 60
* 281 333 76
+ 136 185 56
* 194 374 13
+ 56 60 13
+ 428 628 30
+ 226 412 97
* 465 573 85
+ 307 532 7
+ 215 666 57
+ 639 680 45
? 258
+ 277 433 54
* 569 660 98
* 487 492 66
* 161 284 98
+ 362 643 88
* 199 418 95
? 261
+ 298 694 78
+ 139 617 100
+ 399 446 4
+ 315 395 1
* 51 373 99
+ 79 269 19
+ 221 512 44
+ 82 186 91
* 282 691 50
? 227
+ 304 621 55
? 68
+ 504 568 49
* 98 109 48
? 642
+ 13 234 45
* 159 340 24
+ 127 697 9
* 29 459 10
+ 420 470 35
* 333 397 89
+ 134 379 37
* 168 201 97
? 153
* 193 279 65
+ 45 473 3
+ 14 172 43
* 39 699 25
+ 451 585 61
+ 299 371 96
+ 122 169 99
* 509 601 79
+ 385 627 82
+ 50 65 27
? 547
+ 390 542 94
* 88 505 55
+ 58 298 45
+ 13 534 85
? 208
+ 336 520 35
* 339 420 17
? 120
+ 472 551 51
+ 388 459 55
+ 8 60 96
? 564
* 377 431 26
? 697
+ 406 708 41
* 223 523 27
* 631 697 33
+ 353 367 62
* 94 367 52
+ 612 710 41
? 369
? 498
? 588
? 482
* 83 438 72
+ 189 377 19
+ 420 532 79
? 290
* 323 503 12
* 539 710 81
* 136 618 48
* 699 700 69
* 353 578 95
* 132 408 10
+ 310 412 84
* 43 308 75
* 83 598 65
+ 81 610 13
? 175
* 174 528 73
* 153 407 61
+ 244 372 75
* 485 548 71
+ 281 418 8
+ 131 397 73
+ 122 424 91
? 205
+ 357 396 53
* 5 356 28
* 42 120 20
? 639
? 50
? 143
+ 207 485 16
* 617 626 73
* 139 661 25
? 298
+ 561 667 19
* 101 399 40
* 392 503 22
* 25 308 38
+ 609 636 46
? 560
? 30
* 277 292 100
+ 315 380 96
+ 124 536 38
+ 428 669 4
? 447
* 372 559 15
+ 40 121 91
+ 35 188 87
* 140 361 78
+ 266 511 76
* 213 710 69
+ 422 538 17
+ 408 694 72
* 335 608 12
* 236 390 43
* 271 679 19
? 425
* 424 593 48
+ 131 271 34
+ 449 465 68
+ 60 387 44
* 302 452 25
* 56 483 37
* 12 436 4
+ 136 276 18
+ 217 340 13
+ 153 281 16
+ 324 622 14
? 8
* 63 654 14
+ 118 517 6
* 191 439 96
* 361 586 92
? 616
+ 226 346 74
+ 144 426 17
* 32 223 52
+ 219 531 13
+ 109 152 100
+ 140 162 27
* 256 292 91
+ 64 310 36
* 374 531 70
* 86 441 86
+ 368 407 19
* 245 331 16
+ 378 700 33
+ 2 499 72
* 269 440 9
+ 309 646 62
? 462
* 158 600 99
+ 289 449 86
+ 521 634 28
+ 325 359 61
? 594
+ 119 564 31
+ 16 373 73
+ 232 441 79
? 281
* 387 619 26
* 79 344 15
? 324
+ 78 136 44
? 260
* 14 633 59
* 77 121 67
+ 115 600 27
+ 38 188 36
? 642
* 495 573 72
+ 28 302 87
* 140 173 10
+ 38 638 32
? 43
? 254
? 88
+ 196 364 28
+ 680 695 92
+ 411 415 12
? 30
* 503 599 74
+ 315 625 85
* 57 510 51
? 354
+ 366 554 42
+ 143 165 9
? 687
+ 184 558 90
+ 17 172 34
? 36
* 545 670 31
* 667 704 28
* 187 361 22
+ 283 408 18
* 311 374 68
+ 270 676 43
+ 242 623 29
* 242 274 39
+ 78 396 30
* 483 651 16
* 481 664 40
? 512
? 320
+ 17 549 77
* 354 512 50
+ 1 614 87
* 646 688 66
* 565 574 98
* 288 341 46
+ 118 118 21
* 120 610 50
+ 331 532 71
+ 275 303 87
* 61 627 36
+ 80 471 37
? 79
+ 38 298 41
* 230 545 88
+ 69 108 56
* 496 530 55
+ 423 618 38
* 427 456 57
* 194 511 43
+ 463 641 14
+ 559 628 90
? 637
+ 210 524 47
* 212 546 73
+ 39 41 57
+ 120 157 47
+ 31 672 49
+ 204 626 10
* 468 695 67
? 331
+ 542 635 45
* 308 498 48
? 9
? 529
* 559 652 54
? 666
? 186
+ 29 193 16
+ 144 436 19
* 333 666 43
+ 615 682 60
* 109 254 51
+ 107 263 71
+ 33 377 49
* 222 412 7
+ 44 677 65
* 16 249 55
* 455 667 33
+ 603 704 33
* 256 502 86
* 409 655 38
+ 350 530 75
+ 159 356 8
+ 157 649 82
? 278
* 271 455 38
? 710
? 71
+ 479 582 27
+ 75 526 34
* 220 309 89
+ 127 168 77
+ 6 603 38
* 374 561 72
? 386
+ 257 638 59
? 454
+ 206 515 38
* 28 39 84
? 507
* 55 614 30
? 286
* 39 631 11
* 247 428 55
+ 230 673 5
+ 145 709 99
* 37 84 93
? 650
* 405 423 64
* 54 103 61
+ 679 686 43
? 307
+ 236 646 48
+ 300 556 39
+ 286 633 48
+ 332 468 32
* 36 537 32
+ 379 660 20
+ 313 557 62
* 211 697 23
? 194
+ 218 674 87
* 414 682 83
* 510 627 44
* 37 545 63
? 593
* 58 146 10
+ 267 651 58
* 53 536 89
* 271 422 15
+ 265 584 23
* 259 643 72
* 389 465 78
? 239
+ 281 698 66
? 40
* 591 704 94
* 119 273 54
* 28 702 100
* 34 133 65
* 253 293 91
+ 290 574 96
? 226
* 220 692 68
+ 95 226 23
+ 312 558 51
? 82
* 96 446 89
+ 172 487 87
* 48 678 6
? 289
* 353 560 93
? 535
? 131
+ 88 343 71
+ 167 323 15
* 78 474 87
* 24 284 59
+ 118 341 25
+ 396 670 96
* 534 556 83
? 513
+ 126 345 16
? 108
+ 69 425 38
* 64 463 86
? 80
+ 40 562 68
? 587
* 439 699 29
+ 83 186 100
? 293
* 7 32 4
? 323
? 271
+ 187 351 73
* 114 531 56
+ 106 173 41
+ 516 637 46
* 49 495 19
* 505 636 95
* 488 649 32
+ 242 262 95
+ 307 465 41
* 544 559 96
* 48 693 98
? 165
+ 520 669 80
+ 638 686 80
+ 393 494 47
+ 152 431 27
? 1
? 568
? 364
? 18
* 284 638 64
* 163 218 27
+ 367 650 83
* 31 681 83
* 440 634 36
+ 45 422 68
? 98
? 115
? 444
+ 67 709 63
+ 130 671 77
+ 242 438 76
+ 107 154 15
* 116 645 44
* 196 264 49
+ 23 637 92
* 35 287 66
? 498
* 29 476 88
+ 451 611 30
+ 304 572 96
* 269 596 7
+ 56 116 16
+ 622 681 62
+ 312 539 16
+ 62 518 26
* 284 685 13
? 412
? 659
* 409 535 44
* 71 249 18
* 389 559 15
+ 364 524 6
+ 76 615 55
* 45 495 70
* 158 629 35
+ 121 322 10
+ 118 124 53
+ 241 503 62
+ 443 481 26
* 185 243 19
? 440
+ 460 618 79
+ 82 431 80
+ 539 619 64
* 269 326 15
+ 244 518 12
? 429
+ 375 566 75
* 519 652 34
* 204 573 56
+ 75 544 2
* 150 649 8
+ 232 655 21
+ 9 431 85
+ 379 611 8
+ 560 568 78
* 509 620 63
? 513
+ 554 664 6
+ 113 442 40
+ 448 679 92
* 402 575 3
+ 614 654 57
* 218 298 16
* 45 560 46
* 78 524 72
+ 93 697 70
? 699
* 404 665 81
+ 154 277 80
+ 485 607 6
* 212 317 2
? 131
? 203
+ 291 577 13
? 566
+ 520 616 85
+ 248 677 64
+ 33 193 29
* 311 530 49
? 660
+ 383 435 86
? 285
? 258
* 170 505 36
+ 94 637 94
+ 96 418 69
? 13
? 553
+ 443 604 36
* 13 21 12
* 280 492 99
+ 510 638 71
? 212
* 21 319 45
* 317 494 65
* 308 369 27
? 320
* 138 608 50
+ 645 648 46
* 73 178 100
+ 188 315 82
+ 127 546 61
* 11 158 69
* 7 557 51
+ 44 179 92
? 10
+ 77 188 18
? 366
+ 187 377 63
* 619 657 46
+ 164 502 76
* 144 189 50
* 125 299 37
+ 425 572 51
+ 179 660 62
+ 350 371 52
+ 261 302 4
+ 442 455 84
* 194 383 38
* 195 359 39
* 384 635 72
+ 246 336 18
+ 69 439 5
* 30 609 20
* 321 377 59
? 310
? 225
* 600 682 99
? 481
* 16 274 34
* 692 705 63
? 463
* 54 518 72
* 120 405 55
* 520 553 92
+ 314 700 36
? 329
* 255 617 100
+ 97 206 94
* 251 523 16
? 35
* 552 581 22
? 646
* 27 408 40
* 240 330 15
* 228 448 28
* 85 631 71
+ 256 580 21
+ 329 584 82
* 384 647 45
+ 453 564 59
* 130 557 29
* 109 449 34
? 284
* 153 607 85
* 75 226 51
* 213 327 5
* 47 191 46
+ 334 413 56
* 470 647 14
+ 131 475 100
+ 101 559 16
? 550
+ 52 525 58
? 5
+ 489 652 1
? 37
+ 75 84 36
+ 179 263 80
+ 240 614 10
* 332 600 76
+ 208 521 44
* 365 515 21
+ 578 694 36
? 366
* 363 628 54
+ 167 452 75
? 341
* 147 498 26
+ 410 460 36
* 369 547 36
* 456 704 16
* 231 320 85
* 239 606 68
+ 587 605 15
+ 177 622 15
* 127 614 84
+ 400 418 57
? 558
* 167 503 40
* 33 370 18
* 106 515 29
? 691
+ 125 379 14
+ 371 505 32
? 707
+ 346 444 11
+ 30 454 86
+ 174 617 94
* 60 404 46
* 183 574 94
* 658 684 25
+ 418 620 69
* 166 183 56
+ 234 691 19
* 95 392 60
+ 255 405 26
+ 275 692 1
* 559 587 13
* 480 621 65
+ 324 478 50
* 15 531 34
+ 7 345 53
* 106 477 85
+ 186 590 46
+ 465 636 32
+ 229 640 38
? 149
+ 163 576 21
* 12 607 66
* 45 75 27
* 320 612 10
+ 27 466 48
+ 429 580 47
+ 131 680 88
? 90
+ 102 669 7
+ 138 554 85
* 276 611 85
+ 111 552 100
+ 39 256 97
+ 401 637 48
+ 322 586 83
* 96 145 71
? 97
* 126 707 77
* 398 533 96
* 122 125 6
* 196 347 51
* 672 694 55
* 187 622 99
+ 5 685 55
* 152 692 73
* 458 678 16
+ 141 148 15
? 671
+ 24 94 2
+ 200 541 53
* 104 119 9
* 372 523 13
+ 103 389 14
+ 15 54 100
? 394
? 140
* 473 492 79
+ 37 311 65
+ 428 704 24
* 177 586 83
* 574 594 35
+ 60 373 59
? 150
* 33 575 68
* 46 171 25
* 27 65 8
* 479 586 91
? 342
+ 322 679 94
? 239
+ 258 439 50
+ 227 298 29
* 2 586 8
* 332 452 42
+ 328 663 99
* 112 198 92
* 85 88 18
* 8 147 45
? 693
+ 325 670 38
+ 396 431 37
+ 442 643 84
* 467 670 9
? 150
? 664
+ 63 246 48
* 168 509 48
+ 124 660 97
+ 26 33 9
* 298 378 80
+ 585 588 13
* 648 703 53
* 553 585 23
+ 256 431 67
* 82 145 25
* 67 82 37
? 521
? 283
* 314 477 38
* 135 432 54
* 66 477 27
* 126 692 69
+ 134 456 35
* 142 229 88
? 19
* 287 597 71
+ 14 463 32
* 185 400 16
* 505 688 99
+ 191 467 77
* 127 677 40
+ 76 481 21
+ 366 694 30
* 307 451 62
+ 525 666 97
* 309 331 82
* 13 186 87
* 308 592 15
* 239 329 10
+ 441 645 34
+ 144 328 25
? 110
? 204
+ 250 312 35
+ 332 362 3
? 638
* 77 256 53
? 324
+ 30 269 8
? 275
+ 385 509 97
+ 21 439 65
* 548 556 5
? 483
* 31 130 90
? 457
+ 15 90 62
+ 345 596 83
+ 560 566 14
? 680
? 302
+ 418 488 63
* 403 453 82
+ 64 473 55
* 369 420 64
? 662
? 430
+ 333 484 95
? 177
+ 61 595 74
? 355
+ 159 657 70
* 667 686 39
+ 73 681 11
+ 420 454 46
* 506 656 28
+ 202 530 57
+ 87 435 67
+ 88 444 26
* 131 423 13
? 145
* 351 666 88
* 233 508 75
+ 50 208 66
? 238
+ 16 482 11
? 407
+ 222 489 13
* 368 695 10
+ 121 407 4
+ 449 667 8
+ 45 346 29
+ 240 660 4
* 158 426 57
+ 214 428 80
* 313 542 42
* 544 544 13
* 111 599 49
* 109 142 8
+ 272 506 86
+ 299 439 60
* 485 491 96
* 630 654 33
* 305 346 37
* 27 165 73
+ 121 529 93
+ 54 614 25
* 388 540 86
* 253 503 63
* 292 381 93
* 84 565 40
* 260 593 21
* 126 170 59
+ 34 409 72
+ 274 601 26
* 154 264 32
? 313
* 396 699 1
? 683
? 116
* 343 408 6
* 165 440 35
? 446
+ 13 450 66
* 250 425 37
* 94 456 59
+ 506 561 78
+ 24 466 14
* 59 362 7
? 328
+ 67 280 68
? 529
* 286 633 12
* 242 663 54
+ 263 277 28
? 272
? 242
* 328 658 27
* 161 605 59
* 423 526 76
* 430 499 61
* 150 564 47
+ 191 305 78
? 623
* 115 342 9
? 111
* 109 168 4
? 474
+ 263 269 59
? 25
* 137 652 83
? 430
+ 342 448 100
+ 38 145 3
* 232 276 58
+ 375 478 56
+ 163 611 35
? 206
* 113 553 64
* 297 452 90
* 64 367 4
+ 271 526 9
+ 176 309 22
? 209
? 165
? 393
+ 62 235 89
* 50 670 26
+ 123 701 32
+ 143 506 51
? 190
? 357
+ 199 565 13
* 212 442 48
* 73 282 73
+ 100 579 10
? 682
+ 216 685 63
* 609 619 9
* 156 679 33
? 368
? 270
* 342 416 72
* 60 665 47
* 152 396 3
? 65
* 65 516 64
+ 216 272 25
* 594 602 29
? 226
* 182 541 44
? 47
? 163
+ 204 507 95
* 249 311 37
+ 199 626 59
+ 508 650 100
? 125
+ 307 555 40
* 99 365 13
? 605
+ 159 400 69
+ 82 517 36
+ 300 525 52
* 184 426 28
* 349 483 17
+ 55 97 51
+ 451 550 95
* 58 472 14
+ 156 548 65
* 318 510 62
+ 222 585 29
* 90 206 25
* 130 311 43
+ 459 535 57
? 605
* 443 622 86
? 331
+ 70 87 20
? 85
+ 393 431 43
* 265 709 28
+ 101 582 86
+ 222 641 72
* 614 668 44
+ 36 380 90
+ 88 249 82
* 264 408 59
? 50
* 253 603 100
* 243 383 83
+ 394 510 22
* 49 347 11
* 220 371 79
? 586
? 201
* 88 674 30
+ 399 521 26
* 515 580 42
* 70 465 1
+ 344 559 78
? 312
+ 80 430 25
+ 68 399 42
+ 379 490 94
? 183
+ 25 585 1
* 141 317 27
+ 177 187 25
* 6 49 26
? 549
+ 512 514 47
+ 464 617 23
+ 447 503 88
+ 385 612 68
* 96 627 46
* 46 119 100
+ 146 395 1
* 40 130 1
+ 159 391 74
+ 36 104 20
+ 40 570 52
+ 485 510 4
+ 62 161 41
? 93
? 240
* 184 546 28
? 649
? 352
? 251
* 86 703 1
+ 424 664 100
+ 229 244 100
+ 161 595 41
* 256 664 26
* 66 193 29
* 190 529 31
* 39 303 72
* 13 133 71
* 296 432 70
+ 30 151 29
* 369 462 98
+ 27 111 33
* 460 692 65
* 377 628 82
+ 543 631 46
? 438
+ 40 588 38
* 280 298 85
* 623 636 86
? 706
* 114 360 27
* 105 569 7
? 682
* 253 702 18
* 288 560 16
? 204
+ 22 129 85
* 446 622 66
+ 113 402 72
* 580 655 12
* 282 453 70
+ 399 489 23
+ 21 492 29
* 550 635 42
? 676
+ 107 180 94
+ 65 255 95
* 400 608 63
* 353 593 40
? 375
? 149
* 176 244 20
+ 63 354 92
* 283 612 50
* 29 610 16
* 256 386 3
+ 485 614 28
? 308
? 201
? 185
+ 130 538 82
* 417 495 87
? 13
* 196 240 96
* 24 510 11
+ 300 412 97
* 178 371 43
* 404 564 41
? 372
? 80
* 584 687 89
* 105 350 72
+ 259 528 31
? 596
+ 165 327 76
+ 200 549 37
+ 461 572 8
? 540
? 59
* 163 555 25
+ 492 651 96
+ 548 564 92
* 95 685 15
* 125 316 54
+ 604 606 95
* 318 558 55
+ 72 405 72
+ 532 679 59
* 136 294 27
+ 390 543 36
* 10 439 18
* 98 693 40
+ 201 317 93
* 312 413 36
? 473
+ 405 710 3
* 108 430 88
+ 208 458 14
* 543 557 1
* 246 259 96
+ 41 79 61
? 351
+ 45 531 12
+ 249 421 36
? 707
+ 338 649 73
+ 8 304 62
? 679
+ 149 217 38
+ 364 640 43
* 214 232 66
? 351
* 303 695 6
? 467
* 70 576 9
? 140
+ 288 642 84
+ 307 489 41
* 124 279 28
* 456 472 36
* 8 31 85
+ 287 614 64
* 9 330 42
+ 430 521 6
+ 229 445 5
? 441
? 343
* 373 492 43
? 207
+ 26 111 67
+ 575 687 38
+ 489 621 82
* 39 101 54
+ 331 621 72
+ 546 705 25
* 255 578 82
? 509
* 485 657 90
+ 410 431 59
* 34 67 91
+ 9 343 96
+ 154 230 18
