240 8547 26
? 149
+ 119 183 64
? 18
* 121 129 57
+ 154 185 89
* 34 130 31
+ 90 168 67
+ 50 204 29
? 168
+ 140 150 82
? 140
+ 20 194 91
* 148 213 49
+ 136 204 100
+ 29 72 46
? 140
? 118
+ 34 140 15
* 88 119 19
* 127 218 13
+ 35 230 42
+ 105 188 95
* 125 188 41
* 126 186 86
+ 31 219 61
* 6 41 43
? 2
+ 31 149 92
+ 101 139 55
+ 64 114 24
* 52 209 20
+ 2 118 2
+ 99 157 80
+ 66 232 88
+ 28 55 99
+ 222 228 34
? 47
+ 41 210 60
+ 14 144 52
+ 20 107 18
* 189 212 93
+ 125 201 26
? 112
* 18 54 38
+ 91 215 90
* 111 165 55
? 2
* 49 166 76
* 34 147 73
* 84 141 43
+ 140 169 41
+ 116 148 19
* 2 121 14
+ 160 201 54
* 35 162 8
* 42 212 64
* 30 106 22
* 157 220 31
* 66 111 85
* 10 232 72
? 232
+ 140 154 80
+ 82 180 76
? 81
? 187
? 44
+ 28 166 62
+ 23 46 82
+ 26 215 46
* 31 229 15
+ 48 58 66
+ 92 227 81
+ 68 171 50
+ 39 130 41
* 178 206 3
? 27
* 53 127 71
* 142 161 77
? 240
+ 142 210 53
+ 77 139 30
+ 62 135 16
? 38
* 107 123 75
? 226
+ 116 146 19
* 122 199 9
+ 97 151 11
* 29 197 33
* 72 103 34
+ 17 117 21
+ 19 195 67
+ 144 194 27
* 50 72 15
* 154 162 24
* 121 219 40
* 1 190 32
? 2
* 20 21 90
+ 55 74 15
+ 104 223 80
? 137
+ 9 27 84
* 122 188 38
+ 189 240 60
* 26 32 8
+ 102 171 80
+ 82 119 56
+ 21 116 12
? 135
* 41 128 91
* 52 96 89
? 127
? 179
? 117
* 11 88 46
* 113 131 4
+ 101 207 12
* 12 190 58
? 102
* 172 222 38
+ 81 116 73
? 203
+ 131 144 91
+ 11 96 85
+ 83 174 93
* 1 97 41
+ 141 172 66
* 81 157 34
* 45 84 56
+ 134 141 60
* 81 92 82
? 87
+ 122 184 69
* 61 99 77
+ 147 233 25
+ 112 121 35
* 176 229 55
+ 177 239 47
+ 140 152 91
* 132 215 15
? 45
+ 1 63 11
+ 62 199 91
+ 85 152 40
+ 19 196 32
+ 51 175 53
* 116 182 11
? 219
+ 160 219 27
+ 23 217 32
+ 1 116 98
? 69
? 222
* 144 240 61
? 20
? 25
* 3 60 63
? 219
? 193
* 87 103 10
+ 29 142 73
* 14 35 64
+ 176 240 33
* 15 63 86
? 5
* 70 77 68
* 83 154 19
+ 59 205 37
? 90
? 109
* 156 229 88
? 124
* 72 149 29
* 80 145 56
* 54 170 38
* 50 197 84
+ 46 163 16
? 190
* 80 240 95
* 78 212 39
? 228
* 16 217 62
? 115
* 71 224 84
+ 158 210 1
* 210 237 19
* 17 203 74
? 47
? 34
+ 21 161 96
+ 22 22 37
* 72 110 66
+ 116 209 27
+ 45 95 41
? 210
* 52 80 72
* 69 204 85
+ 158 206 46
+ 48 187 91
? 35
? 34
* 128 148 82
* 60 138 68
? 82
? 194
* 11 127 82
? 156
+ 17 85 18
* 149 192 46
+ 74 165 91
+ 44 62 21
* 33 237 82
+ 40 66 75
* 204 212 20
? 190
* 89 211 59
* 174 185 39
? 235
+ 71 166 51
* 44 153 43
+ 185 218 30
? 104
+ 147 155 32
* 128 135 21
+ 62 79 12
+ 63 107 73
? 22
* 3 163 58
* 50 218 54
* 63 112 51
* 78 89 17
+ 99 198 55
* 61 214 71
* 131 237 19
+ 137 142 77
+ 53 219 49
+ 65 238 40
* 91 218 2
+ 58 175 11
* 39 127 61
+ 63 87 94
+ 160 227 92
? 102
? 198
? 50
? 209
* 95 110 44
? 152
? 152
* 150 220 57
+ 120 139 29
* 72 227 72
+ 125 181 35
* 67 113 43
+ 103 230 48
+ 51 156 49
+ 95 131 81
+ 81 132 73
* 55 178 85
* 130 137 84
* 145 193 18
+ 187 240 57
+ 6 234 81
? 200
+ 7 41 24
* 159 229 8
+ 104 138 81
? 43
* 186 239 19
+ 55 167 4
+ 102 104 68
? 16
+ 50 208 84
? 17
? 74
* 26 182 22
? 81
+ 84 220 88
+ 161 172 84
* 103 235 59
* 6 18 84
+ 14 147 57
* 78 127 75
+ 9 16 13
+ 42 226 99
+ 19 82 84
+ 184 238 36
+ 21 224 69
* 106 133 46
* 122 163 36
* 154 236 62
* 51 165 3
* 29 230 67
* 37 209 95
+ 62 142 51
* 66 150 21
* 208 235 52
+ 180 236 74
+ 31 178 27
+ 46 137 3
+ 113 168 87
* 164 166 74
* 166 210 31
+ 48 60 25
* 75 202 47
+ 72 205 32
* 101 189 29
? 199
* 13 234 31
+ 92 236 95
? 151
+ 23 195 27
* 16 147 92
? 139
? 47
+ 35 207 68
+ 111 181 77
* 13 84 30
+ 64 142 2
* 3 226 26
* 129 157 86
* 13 204 10
+ 76 168 92
* 56 100 2
* 100 156 57
* 117 131 74
* 95 150 49
* 36 143 60
+ 190 224 81
* 109 208 52
* 18 187 56
? 146
* 149 170 73
? 24
* 76 162 64
+ 15 180 43
+ 35 215 8
+ 59 97 96
? 146
? 4
+ 152 204 27
+ 152 201 94
+ 24 123 98
* 37 232 12
* 86 127 72
? 63
* 173 213 15
* 30 73 39
* 62 82 46
* 21 57 26
* 14 220 78
* 13 184 32
? 222
+ 51 194 89
? 80
? 119
* 72 140 82
? 96
+ 74 211 86
+ 75 116 75
* 78 136 81
+ 112 174 26
? 191
* 30 122 15
? 124
* 17 83 2
* 168 177 35
+ 65 154 80
+ 130 202 59
+ 44 136 85
* 86 193 97
? 49
+ 3 166 96
+ 132 149 40
* 34 94 84
+ 173 218 51
* 118 196 80
* 224 231 74
+ 147 203 73
* 50 78 1
+ 102 113 60
* 73 118 50
* 10 218 99
* 25 172 94
* 68 127 87
* 68 129 17
+ 192 193 11
* 21 183 85
* 54 229 78
+ 50 229 6
+ 46 162 12
* 172 240 74
? 11
+ 75 85 22
* 62 92 11
* 124 151 10
* 120 223 73
* 26 49 53
* 64 84 15
+ 134 149 50
+ 108 109 18
* 101 175 83
* 34 82 7
+ 147 212 38
+ 77 214 45
+ 77 162 47
+ 14 224 22
+ 24 134 70
? 178
? 30
? 239
? 80
+ 55 110 9
* 1 65 47
* 13 102 43
? 85
? 189
* 84 89 89
* 103 138 80
+ 43 96 75
+ 50 93 8
* 26 106 81
* 18 51 56
+ 33 156 50
* 33 83 27
* 129 193 40
+ 2 79 45
? 156
+ 44 181 4
+ 15 227 59
+ 158 172 6
* 99 235 53
+ 33 46 45
? 48
? 240
+ 51 138 91
* 28 222 67
+ 39 215 1
* 3 49 42
+ 101 189 79
* 106 153 72
* 28 162 70
+ 50 106 81
+ 83 170 100
? 198
+ 77 200 13
* 28 73 58
+ 43 213 70
+ 9 196 10
* 6 235 25
* 179 219 6
? 93
+ 41 216 84
* 84 195 20
* 92 198 51
+ 58 227 32
* 159 198 80
* 150 190 5
* 43 183 80
+ 71 82 13
+ 154 169 99
? 123
* 109 141 34
? 210
* 132 214 41
* 99 154 11
+ 47 161 40
+ 13 43 92
? 153
* 102 122 28
+ 100 195 30
* 15 181 54
* 44 211 96
+ 4 154 44
* 8 46 34
* 85 171 34
* 84 160 50
+ 149 150 93
+ 1 137 60
* 134 170 56
+ 64 90 37
+ 58 73 30
? 57
+ 13 227 59
? 7
+ 69 101 16
* 42 236 9
* 81 139 12
+ 12 89 24
+ 13 47 46
* 147 152 87
? 147
+ 87 125 11
* 103 152 40
* 24 130 45
* 112 185 4
? 158
* 86 125 15
+ 11 85 40
* 196 198 55
* 10 179 73
* 161 229 88
? 218
+ 83 109 58
+ 41 222 19
* 144 181 12
? 212
? 56
* 65 208 78
* 86 161 7
+ 66 75 81
* 113 206 18
? 43
+ 95 225 94
* 126 170 58
+ 177 227 26
? 184
+ 36 148 80
* 138 166 2
+ 99 192 96
? 46
+ 33 40 31
* 73 180 85
* 13 115 3
+ 74 219 68
? 112
+ 21 159 18
+ 130 158 57
+ 28 46 96
+ 93 175 49
? 105
+ 56 171 4
? 43
+ 167 188 8
* 92 102 74
? 91
+ 55 118 50
? 172
? 230
+ 14 206 91
? 70
+ 35 224 10
+ 117 219 58
* 131 172 83
+ 32 66 67
* 158 234 21
+ 174 214 50
* 11 13 2
* 110 235 83
* 75 94 32
* 21 178 62
? 189
? 110
+ 101 121 16
+ 33 111 35
? 46
* 152 217 87
* 94 209 60
* 77 214 7
+ 137 174 61
+ 1 74 99
* 89 124 56
? 196
* 44 219 27
* 92 147 85
* 190 239 92
? 86
* 202 204 93
* 93 148 16
? 140
? 64
* 107 190 39
? 21
+ 45 88 41
* 165 187 34
? 119
+ 164 218 55
? 182
+ 81 109 41
* 1 220 47
* 123 171 78
? 103
+ 27 151 53
* 53 134 44
* 6 211 61
* 56 109 15
+ 127 216 44
+ 157 226 80
* 210 227 91
+ 7 43 31
* 70 112 59
+ 42 51 43
+ 103 129 78
+ 58 187 67
+ 7 119 5
? 201
* 53 207 30
+ 104 153 84
* 46 226 5
? 174
* 6 89 71
? 88
* 75 206 97
+ 50 159 73
? 91
? 92
+ 27 66 66
+ 10 160 97
* 34 217 15
? 64
+ 142 160 82
+ 20 177 78
+ 36 66 33
* 191 214 56
* 7 201 24
+ 72 156 67
+ 92 149 41
* 85 227 24
? 59
+ 124 218 59
* 62 153 13
* 45 103 10
? 46
+ 53 106 41
+ 126 220 65
+ 141 160 48
* 6 41 30
* 44 129 64
+ 44 158 76
* 128 165 46
* 24 95 12
* 99 180 49
? 42
+ 66 194 40
* 48 74 3
* 119 161 87
* 24 66 54
* 21 190 79
* 18 118 5
* 160 225 90
? 115
+ 188 205 43
? 83
* 79 221 75
? 5
+ 13 25 66
* 75 222 49
+ 8 90 56
* 179 218 11
* 74 136 95
* 86 116 95
* 122 226 92
+ 124 153 92
+ 91 238 87
* 62 182 98
+ 38 111 62
+ 109 202 15
? 163
* 148 217 47
* 29 51 3
+ 33 47 30
* 44 162 73
* 40 230 40
* 94 174 95
? 199
* 61 176 41
* 90 161 52
? 122
+ 70 186 90
+ 122 128 43
* 58 83 74
* 122 199 19
+ 49 240 32
* 1 146 6
+ 52 192 97
+ 161 190 3
+ 35 139 60
? 138
+ 96 195 98
? 66
* 66 160 5
+ 163 231 34
+ 183 187 13
* 49 97 72
* 4 12 36
* 82 130 40
+ 84 114 16
? 50
+ 85 231 65
+ 87 167 16
+ 77 227 13
+ 37 172 22
+ 79 95 88
+ 20 114 83
* 119 185 7
+ 136 208 72
+ 179 240 29
? 108
? 119
? 79
? 84
* 77 84 79
* 103 113 64
+ 98 150 59
* 81 142 7
* 35 215 59
* 209 230 51
+ 8 227 50
* 77 81 22
* 127 161 26
+ 159 170 78
+ 34 109 96
* 8 41 46
* 49 79 11
* 110 136 57
? 35
+ 68 83 34
* 47 204 32
? 155
* 34 194 33
+ 116 175 30
+ 89 111 47
+ 49 131 76
+ 10 124 27
+ 76 133 4
* 217 224 38
* 36 136 83
+ 26 80 33
+ 147 163 92
* 99 194 39
* 44 178 99
+ 103 169 6
+ 113 208 45
? 144
? 107
+ 50 205 53
+ 78 110 67
* 38 72 58
? 122
+ 97 99 59
? 100
+ 124 239 19
? 217
+ 117 181 3
+ 92 113 36
* 115 213 62
* 78 171 13
? 177
* 115 132 35
* 116 218 39
? 159
* 193 228 71
+ 83 89 7
+ 43 177 13
? 141
* 21 145 60
+ 19 61 94
* 91 196 68
* 61 135 97
+ 48 158 63
+ 20 123 51
* 52 139 52
+ 70 130 48
? 167
+ 64 235 56
+ 16 83 27
* 112 175 11
+ 107 113 3
* 71 214 66
* 75 91 60
? 119
+ 182 192 1
+ 10 76 60
* 49 92 72
? 34
* 45 46 66
+ 229 240 5
+ 178 198 27
+ 37 139 14
* 69 144 10
? 32
? 23
* 192 237 88
+ 100 155 62
? 37
* 86 89 83
* 37 173 65
? 20
* 190 191 52
* 35 229 56
+ 50 145 69
+ 126 153 2
+ 136 211 6
* 46 163 40
+ 3 161 96
+ 140 200 8
* 22 140 77
* 7 19 88
? 220
+ 50 227 84
? 84
+ 6 138 86
* 38 69 32
* 187 188 58
? 217
* 118 235 40
* 5 64 56
* 69 233 89
+ 35 126 21
* 70 238 64
* 84 131 93
+ 102 185 84
* 147 152 85
* 24 212 12
* 21 30 36
* 203 211 29
* 105 156 92
+ 6 78 96
? 89
* 108 199 55
? 223
+ 126 179 34
+ 46 166 76
+ 41 56 91
? 180
+ 17 64 37
* 82 172 84
* 114 224 6
+ 4 240 8
? 37
* 60 165 56
+ 31 43 100
* 36 89 97
* 150 175 2
* 5 62 54
? 177
+ 9 97 79
* 218 231 77
+ 39 118 26
* 14 154 96
+ 55 130 40
+ 121 150 37
+ 26 150 55
+ 31 157 20
+ 78 193 24
+ 4 77 21
* 34 123 35
+ 5 175 52
? 104
+ 83 129 61
+ 90 149 24
+ 119 213 84
+ 68 147 70
+ 1 3 76
* 50 76 18
* 25 91 47
+ 112 232 16
+ 108 181 77
+ 3 102 6
* 215 227 68
+ 23 145 34
+ 32 177 64
+ 46 138 59
* 37 105 92
* 130 215 2
+ 25 190 72
+ 90 121 41
+ 144 180 26
+ 132 192 56
* 160 190 12
? 162
* 8 126 18
? 75
* 51 140 51
* 25 217 84
+ 78 230 78
* 8 31 16
? 151
+ 115 141 62
+ 74 87 79
* 97 171 59
+ 46 128 13
? 123
+ 203 230 41
* 120 181 66
+ 206 215 93
* 14 178 100
* 84 196 78
+ 94 175 84
+ 131 193 77
* 205 205 11
? 159
* 5 189 83
+ 149 216 52
? 216
* 98 165 34
* 22 116 53
* 98 123 49
* 71 92 9
* 140 230 66
+ 31 54 89
* 65 160 94
+ 134 146 10
* 33 176 19
* 143 152 81
* 57 181 64
* 127 191 30
? 27
+ 112 204 75
+ 141 226 76
+ 3 8 23
? 31
+ 170 222 99
* 72 186 55
* 18 209 86
* 97 234 28
+ 41 186 3
+ 22 82 66
+ 96 205 80
+ 150 173 37
* 16 184 100
+ 137 231 9
+ 7 142 75
? 194
* 75 88 8
? 170
+ 8 115 90
+ 9 40 46
? 68
? 70
+ 119 190 9
+ 23 179 71
* 146 150 15
? 188
* 26 195 62
* 201 232 86
+ 63 70 20
+ 97 219 2
? 120
? 38
* 188 209 90
* 47 101 62
? 80
* 40 69 70
* 53 109 99
? 239
+ 36 221 69
+ 168 171 13
? 229
+ 105 201 100
? 184
+ 37 95 32
* 114 176 39
* 179 186 25
+ 160 217 96
? 164
* 144 222 57
? 35
* 3 56 35
* 1 171 95
? 161
+ 100 112 66
? 37
* 5 149 100
* 121 126 33
* 6 218 27
* 58 113 84
? 99
* 39 154 60
* 65 174 30
? 178
? 52
+ 157 172 91
? 61
? 98
* 137 182 13
* 94 224 58
* 137 145 61
+ 162 226 7
+ 46 150 1
* 135 202 28
+ 108 112 19
* 88 235 82
* 21 218 20
+ 78 212 11
+ 100 122 17
? 196
? 142
+ 64 72 15
? 62
* 146 168 85
* 15 72 100
* 147 189 79
+ 146 199 78
? 213
* 140 174 95
+ 22 170 24
+ 10 169 9
* 40 92 19
* 98 106 65
* 142 156 90
? 80
+ 40 91 36
? 61
+ 54 146 19
+ 50 159 53
* 52 59 85
+ 61 223 36
+ 90 181 23
* 126 222 40
+ 60 170 88
? 86
+ 7 134 97
? 58
+ 21 191 25
? 216
* 28 64 68
+ 124 141 86
+ 8 114 86
+ 118 167 25
+ 203 229 53
+ 14 149 62
? 123
* 101 186 67
+ 10 122 88
* 29 42 68
+ 46 189 66
+ 64 227 95
* 3 98 70
? 152
+ 48 124 87
* 109 165 12
+ 37 140 29
+ 92 137 73
+ 88 141 94
* 86 212 13
+ 118 195 2
+ 34 222 51
+ 228 233 70
? 199
* 27 162 99
? 115
* 147 151 87
+ 2 173 37
+ 149 150 88
+ 113 181 26
? 102
? 176
* 131 209 4
? 117
+ 27 193 45
+ 7 157 59
* 101 227 81
* 193 207 42
* 55 217 65
* 22 47 47
* 53 62 100
* 2 65 34
* 119 165 2
? 191
+ 30 232 57
+ 14 25 85
* 46 88 15
* 133 157 48
+ 169 225 11
+ 1 235 69
+ 124 214 43
+ 84 180 88
* 10 240 65
+ 8 10 7
? 105
* 34 75 11
* 151 181 74
* 76 99 75
+ 93 190 11
* 212 223 46
? 102
* 29 172 9
* 43 90 60
* 80 237 46
+ 113 121 60
+ 89 213 81
? 60
* 137 236 80
? 25
* 179 204 51
? 190
+ 30 202 23
? 169
* 73 160 11
+ 131 180 33
* 102 132 91
* 30 93 12
* 93 157 58
+ 156 179 89
+ 27 57 54
+ 37 207 89
* 33 141 65
+ 92 96 55
+ 18 111 54
* 67 174 91
? 40
* 178 238 91
* 160 199 67
* 151 180 15
+ 134 142 46
? 152
? 85
* 23 191 2
+ 14 74 52
? 176
? 146
+ 9 25 22
* 128 175 31
* 76 152 51
? 108
+ 59 130 4
* 13 157 45
* 47 116 25
* 74 151 71
? 150
+ 44 179 38
+ 69 229 55
+ 45 145 69
* 134 193 11
* 19 77 1
+ 72 143 54
* 102 137 92
+ 54 98 91
* 16 201 100
? 93
+ 95 98 17
* 30 165 35
* 198 212 95
* 97 197 13
+ 22 99 5
+ 105 180 34
* 114 199 16
+ 84 120 4
? 142
* 62 113 49
+ 65 136 48
+ 166 169 79
* 16 56 41
+ 107 231 21
? 223
* 6 228 63
+ 143 176 33
+ 88 213 88
* 32 133 63
+ 102 178 43
* 44 45 21
* 117 127 77
* 167 238 24
+ 42 149 23
+ 14 216 94
+ 59 92 49
? 81
? 191
? 128
+ 4 103 3
* 20 161 87
? 151
+ 49 226 43
? 175
+ 60 169 88
* 185 220 35
? 72
+ 76 218 37
* 16 230 39
* 67 70 37
* 69 161 20
+ 49 171 86
* 42 162 96
* 61 217 34
+ 101 155 23
* 226 231 98
+ 41 163 98
* 99 210 13
* 21 238 50
+ 46 225 55
* 28 85 1
+ 116 221 80
+ 31 89 12
+ 76 197 84
* 201 240 83
? 209
+ 144 193 36
+ 46 181 41
+ 48 189 56
+ 20 158 16
* 122 204 56
* 11 236 93
+ 28 150 22
? 33
+ 5 78 75
* 195 230 52
+ 71 239 98
+ 111 185 31
? 181
* 16 71 98
? 85
* 29 60 65
+ 68 239 40
? 119
+ 61 234 36
? 68
+ 18 194 7
* 95 145 62
* 136 197 77
* 132 161 31
* 63 218 59
+ 12 49 68
+ 35 209 60
+ 133 207 55
* 162 175 24
* 95 136 60
+ 15 161 31
+ 156 208 23
+ 49 122 96
? 106
* 64 185 90
+ 76 91 100
+ 26 70 93
* 149 214 68
* 81 143 43
+ 196 197 30
+ 46 118 97
* 6 66 84
* 179 202 45
? 180
* 27 88 35
* 38 215 70
? 105
? 117
+ 27 162 27
* 74 204 51
* 81 101 65
* 19 84 79
* 22 202 40
? 184
+ 61 92 77
* 23 210 41
+ 94 213 33
* 46 210 36
* 15 196 46
* 40 150 79
* 43 97 100
+ 84 228 76
* 69 182 21
* 170 194 17
? 127
+ 19 82 6
+ 7 120 20
* 74 195 1
+ 15 40 6
+ 187 221 20
+ 9 131 6
* 88 181 82
* 80 156 88
? 31
? 185
* 133 177 39
+ 18 206 17
* 10 103 37
* 15 224 21
? 37
* 85 116 67
+ 35 234 19
+ 191 223 13
* 162 189 6
+ 189 219 2
+ 96 177 12
+ 119 171 30
* 65 235 63
* 9 213 38
* 151 166 21
* 72 131 90
* 51 203 36
+ 13 37 65
+ 10 13 73
* 99 220 73
* 27 45 98
? 150
? 236
? 23
? 80
* 91 227 27
* 72 212 65
? 82
+ 48 117 41
? 149
+ 149 175 91
+ 64 178 32
+ 128 176 89
+ 26 239 98
+ 23 233 11
* 50 168 60
+ 132 137 96
+ 144 157 50
+ 155 164 11
* 162 197 90
? 104
+ 14 238 17
+ 84 181 73
* 136 149 84
* 4 59 24
* 71 232 63
* 185 237 5
* 81 206 21
+ 15 205 10
+ 155 218 67
? 9
* 124 127 81
* 144 238 72
+ 136 211 69
* 29 43 98
* 19 22 96
* 39 102 61
+ 105 192 28
* 7 205 17
? 81
+ 163 190 33
+ 156 167 100
* 170 210 21
+ 79 219 84
+ 107 229 34
+ 12 24 58
* 127 148 18
* 47 70 80
? 165
* 1 94 5
+ 232 235 58
* 30 184 39
* 114 224 65
* 79 132 87
+ 128 217 15
? 188
+ 60 119 34
* 78 227 9
+ 20 38 68
? 133
+ 15 27 70
* 58 202 61
* 116 161 98
+ 148 224 84
? 61
* 102 223 11
? 23
? 13
? 179
* 104 121 68
* 106 121 73
* 51 163 39
+ 94 202 27
+ 68 129 73
+ 25 73 68
+ 83 123 66
? 132
+ 15 109 35
* 66 211 99
* 80 178 42
+ 94 211 17
? 118
* 193 220 83
* 39 165 19
+ 42 174 92
+ 100 174 50
* 191 239 81
? 33
* 154 204 41
? 28
* 175 189 53
+ 103 219 92
+ 134 238 60
+ 44 221 86
* 76 173 63
* 30 198 74
? 53
* 113 165 16
* 3 218 87
* 145 155 5
+ 20 28 97
* 12 58 21
* 57 190 13
+ 144 227 6
+ 81 108 53
+ 72 116 57
? 78
? 84
* 19 34 11
+ 3 204 16
* 130 200 11
? 26
? 66
* 77 130 31
? 192
* 142 230 92
? 109
* 50 239 17
* 172 224 32
+ 34 101 48
+ 118 214 87
* 18 239 34
+ 98 215 61
* 44 194 53
+ 230 236 17
* 207 240 52
* 16 229 57
+ 26 132 11
* 1 92 82
? 47
* 169 240 67
+ 174 174 51
* 169 217 3
+ 69 199 76
* 1 122 81
+ 18 153 54
+ 189 198 10
+ 40 61 27
+ 111 170 62
* 11 124 81
+ 185 227 68
+ 21 29 80
? 99
+ 103 168 100
+ 128 160 43
+ 179 184 96
? 189
* 175 177 53
* 49 156 96
* 48 233 20
? 216
* 135 149 17
* 18 213 92
? 53
* 68 83 46
? 240
? 206
+ 109 173 6
* 25 130 24
? 67
* 35 171 86
* 9 158 45
* 68 155 46
+ 36 69 86
* 24 166 33
* 69 134 90
* 106 187 15
* 195 240 22
* 118 142 54
* 99 140 55
* 62 122 20
? 188
* 16 109 31
+ 114 137 58
? 68
+ 118 229 7
+ 167 177 45
? 21
? 152
+ 20 52 82
+ 9 203 61
+ 101 129 7
* 14 188 50
? 160
+ 175 209 74
+ 27 187 20
? 78
+ 17 172 82
+ 24 222 66
+ 122 147 50
+ 64 177 79
? 32
* 31 147 18
+ 30 123 29
+ 8 217 88
* 12 83 83
+ 26 64 33
? 202
? 116
+ 80 123 33
* 31 106 93
+ 153 187 48
? 213
+ 55 204 89
? 105
* 38 129 90
* 172 209 15
* 48 234 41
+ 52 69 72
* 49 177 88
+ 64 83 34
+ 77 141 14
+ 30 129 73
* 2 128 85
? 192
* 20 133 88
+ 16 26 88
* 111 172 69
? 184
+ 6 58 2
+ 139 189 82
+ 13 34 17
* 21 117 10
* 102 208 10
? 212
* 79 237 73
+ 62 82 8
+ 46 97 71
+ 104 169 98
* 26 61 3
* 167 236 23
* 11 45 68
* 76 201 18
+ 26 227 87
+ 52 188 26
+ 123 166 43
* 55 130 99
* 94 170 70
* 89 166 24
* 34 221 61
* 40 158 1
* 23 173 44
* 126 155 99
* 34 163 35
+ 137 154 50
+ 3 78 39
+ 88 168 66
+ 127 154 18
+ 2 44 55
* 115 194 14
? 166
? 75
* 43 193 34
+ 11 104 42
? 129
* 15 146 94
+ 55 59 61
? 207
+ 133 220 36
+ 10 76 61
+ 8 237 53
+ 8 175 22
+ 15 120 97
? 181
+ 26 174 46
+ 124 157 65
* 35 120 38
? 31
* 67 150 79
* 121 162 51
+ 76 77 45
* 4 210 41
* 63 145 74
? 54
+ 55 179 16
* 198 234 61
+ 22 48 96
* 128 143 42
* 8 65 67
* 49 210 45
* 15 28 27
+ 47 239 96
+ 197 232 10
+ 105 167 82
? 154
+ 148 161 66
* 55 101 50
+ 69 210 88
* 86 142 6
+ 18 169 82
+ 48 205 40
? 127
? 233
+ 49 102 64
? 143
+ 28 211 38
+ 3 231 92
? 201
* 82 223 93
* 64 201 6
* 174 219 14
+ 6 94 68
* 35 154 46
? 157
? 184
* 43 218 9
+ 169 197 54
+ 30 194 12
+ 24 184 36
+ 52 197 77
? 94
+ 20 110 60
+ 126 149 64
+ 140 231 35
* 16 120 75
+ 225 230 40
* 48 69 34
+ 107 123 37
+ 83 186 16
? 103
* 168 206 29
+ 63 205 68
* 72 126 97
+ 125 205 7
+ 69 179 100
* 37 207 19
* 89 195 47
? 185
* 12 120 66
+ 100 124 55
* 11 115 86
+ 45 176 85
+ 23 226 45
* 53 108 36
* 47 228 35
+ 110 167 62
? 95
? 166
? 223
? 7
* 192 225 9
? 83
* 135 229 47
* 8 71 17
+ 99 206 78
? 233
+ 25 31 80
? 31
* 94 193 8
+ 92 239 1
* 2 49 87
* 76 172 83
* 146 203 12
* 116 211 28
+ 108 112 44
+ 99 150 21
? 50
* 98 176 81
+ 77 132 56
+ 115 181 63
+ 153 167 1
+ 95 104 49
* 59 139 86
* 18 158 16
+ 58 221 19
* 102 145 18
* 68 220 59
+ 92 204 77
+ 30 113 32
+ 160 195 67
* 9 152 36
* 139 189 61
* 25 236 11
* 46 202 43
+ 70 144 11
* 40 206 94
* 167 230 16
+ 24 72 94
* 177 228 39
+ 180 226 20
+ 149 155 51
+ 11 70 47
? 168
? 117
? 166
? 91
* 72 164 99
* 178 191 21
+ 175 212 83
* 91 186 82
* 142 201 40
? 18
? 208
? 196
? 26
+ 57 203 38
* 28 191 87
+ 21 154 35
? 4
? 93
? 28
? 227
* 92 165 66
* 23 151 79
* 72 208 10
* 36 192 57
* 63 134 12
? 226
+ 53 203 96
* 83 152 56
+ 86 154 64
* 79 128 43
? 226
? 127
+ 159 190 73
* 91 109 98
* 31 176 8
+ 31 235 83
+ 105 176 98
+ 20 41 95
+ 79 216 24
+ 90 239 39
? 105
+ 1 7 21
+ 7 35 86
+ 134 134 66
* 78 118 3
* 121 126 65
* 161 166 31
+ 37 106 95
? 233
* 15 239 9
* 14 19 2
* 99 193 18
? 185
* 207 230 45
* 153 207 57
+ 82 107 7
? 217
? 126
* 88 139 82
+ 92 113 100
+ 38 174 36
+ 135 235 13
+ 97 167 85
+ 130 233 36
+ 25 207 10
+ 93 164 58
+ 190 227 100
* 17 74 58
? 175
? 164
* 180 217 98
* 144 234 91
* 82 225 60
+ 67 123 21
+ 23 168 51
? 17
* 31 149 79
+ 76 182 25
? 197
? 113
+ 93 195 5
+ 25 219 28
+ 42 202 72
+ 21 39 67
? 120
+ 67 217 59
* 9 42 49
* 22 110 46
* 47 203 22
* 68 195 5
+ 157 171 99
? 93
+ 69 70 3
+ 42 56 11
+ 200 228 55
+ 153 233 26
* 25 89 72
+ 48 194 33
* 227 239 21
* 68 119 13
? 230
* 6 89 12
? 238
? 108
+ 23 132 98
? 28
? 181
* 51 152 67
+ 38 182 42
+ 103 221 75
? 226
* 96 213 68
* 52 99 49
* 44 52 4
+ 166 198 10
+ 101 184 68
? 75
? 140
+ 129 238 73
? 205
* 26 176 61
* 72 194 80
* 32 145 21
+ 76 216 57
? 162
* 7 186 100
+ 20 153 25
+ 176 190 77
? 119
* 173 193 21
* 36 233 49
+ 44 181 90
* 48 172 64
* 163 175 60
? 224
* 149 166 10
+ 62 85 34
? 120
+ 114 219 27
* 17 71 8
* 66 70 86
* 83 218 67
? 103
+ 14 27 76
+ 14 214 76
+ 27 117 43
+ 20 114 61
? 52
* 70 151 14
? 56
* 166 192 67
+ 63 89 27
+ 105 149 36
* 40 182 75
* 105 219 89
? 129
+ 106 226 38
? 177
* 13 16 92
+ 56 186 91
* 152 230 93
* 60 163 100
+ 151 153 13
* 16 50 41
+ 110 124 58
? 56
? 193
? 213
+ 148 236 27
+ 221 238 63
+ 58 67 27
* 116 172 38
* 82 141 30
* 101 153 40
+ 53 121 59
+ 201 229 31
* 53 145 65
* 9 87 40
? 60
+ 13 14 26
+ 141 158 35
* 27 87 64
+ 44 107 86
+ 115 198 94
+ 66 181 81
+ 59 124 76
? 17
+ 29 167 2
* 149 168 41
? 192
+ 2 130 41
? 95
+ 35 164 50
+ 142 188 41
+ 105 209 19
+ 152 208 29
* 11 46 7
* 81 228 19
+ 108 117 10
+ 57 107 28
* 49 72 20
+ 18 121 74
* 127 162 91
+ 136 194 87
+ 53 60 7
* 21 213 25
+ 40 217 90
+ 16 169 16
* 97 103 47
+ 121 153 39
* 108 191 71
* 59 158 97
* 132 207 21
+ 24 79 19
* 82 100 16
? 9
+ 96 129 37
* 203 220 9
? 133
* 48 87 70
+ 38 230 37
* 26 83 59
* 45 172 23
* 10 91 84
+ 78 234 97
* 72 130 90
* 139 149 9
* 9 199 70
+ 62 103 54
* 98 114 8
? 70
+ 175 206 19
* 108 148 70
* 21 128 36
* 75 173 15
+ 57 122 70
? 219
* 137 191 33
+ 19 238 29
+ 28 28 25
* 13 142 44
* 56 86 4
+ 4 38 100
? 70
+ 206 216 86
+ 85 224 24
* 18 131 70
? 142
? 174
+ 101 119 62
* 79 138 84
+ 45 167 45
+ 100 193 66
+ 132 239 25
? 141
+ 60 163 11
? 161
? 203
+ 64 153 89
+ 163 208 86
* 10 81 22
+ 132 161 47
* 134 176 56
+ 16 225 91
+ 115 236 94
? 233
? 3
* 72 224 43
? 205
+ 96 133 29
* 102 162 60
? 159
+ 9 209 1
? 123
* 22 228 34
+ 198 210 48
+ 220 235 97
+ 2 176 76
* 101 194 87
+ 7 56 78
+ 117 221 55
+ 48 175 80
? 80
? 147
? 9
* 10 65 15
* 126 167 30
+ 37 89 8
+ 8 26 76
* 148 175 87
+ 8 219 64
* 63 108 50
* 105 184 9
* 43 68 33
* 87 226 37
? 60
+ 79 102 57
* 93 156 38
? 156
+ 172 197 86
* 12 203 44
+ 5 123 52
* 12 140 48
+ 69 207 27
+ 120 197 14
+ 75 78 42
* 76 158 19
+ 84 166 18
* 61 211 83
+ 119 152 57
? 138
+ 12 207 48
+ 21 137 42
+ 98 212 31
* 206 216 85
+ 117 191 56
+ 114 191 45
* 66 89 64
* 21 221 12
+ 110 212 37
+ 185 198 69
? 198
+ 21 194 64
+ 19 47 33
* 22 210 48
? 62
* 176 193 34
* 72 77 77
? 213
* 47 171 56
? 142
+ 120 188 6
? 75
+ 154 172 89
* 78 196 1
+ 158 197 15
+ 78 176 92
* 167 235 34
+ 165 190 60
* 24 147 71
* 26 234 65
? 80
+ 69 110 89
? 4
+ 82 97 53
+ 17 165 11
? 189
* 184 207 16
+ 61 238 16
+ 10 53 27
* 65 169 38
* 91 148 15
* 27 124 29
+ 150 213 90
+ 181 220 51
+ 176 228 71
? 237
+ 61 192 81
+ 188 200 98
+ 44 171 98
* 47 231 43
+ 203 222 69
+ 56 163 19
* 97 197 28
+ 57 209 33
? 172
* 96 102 62
+ 104 140 85
? 214
+ 131 179 13
? 2
+ 126 198 97
+ 86 236 59
+ 37 196 20
* 17 17 53
* 113 230 82
+ 153 159 44
* 213 223 13
? 162
? 158
* 101 195 17
+ 120 236 50
* 9 220 97
* 83 172 65
+ 50 61 59
* 66 240 55
+ 129 215 36
? 56
? 82
+ 91 201 91
* 12 52 22
? 189
+ 7 238 93
+ 32 79 85
* 61 231 47
? 228
+ 130 151 34
* 45 233 44
+ 157 199 13
+ 19 224 60
+ 158 230 99
* 119 140 1
+ 7 129 28
+ 40 157 94
* 59 125 5
* 74 162 32
+ 63 170 92
* 152 218 83
* 131 142 36
? 2
* 62 158 94
? 120
+ 86 175 12
* 44 222 18
? 225
* 7 9 4
+ 23 97 49
* 89 97 34
+ 79 150 84
* 181 212 71
+ 184 238 93
+ 48 65 66
* 91 116 34
* 88 98 13
? 6
* 33 155 29
* 200 200 33
+ 151 191 14
+ 194 214 15
* 22 99 96
? 196
+ 218 240 20
+ 51 72 15
+ 197 206 68
+ 30 146 80
+ 191 205 83
? 84
? 28
* 23 211 5
+ 107 160 54
+ 38 238 60
? 6
? 157
* 56 191 54
* 13 37 77
* 78 105 82
* 42 196 27
+ 40 43 84
? 171
+ 42 85 64
* 63 167 64
? 99
? 147
+ 96 223 9
* 41 84 54
+ 29 109 90
? 40
+ 135 193 73
+ 79 183 1
* 76 148 60
* 14 31 35
+ 115 155 3
? 143
+ 123 202 19
+ 84 125 95
+ 63 89 16
+ 33 55 33
+ 156 183 7
+ 161 222 42
* 57 183 78
* 3 186 15
* 89 238 43
? 239
+ 31 185 24
+ 106 232 46
+ 147 175 72
* 139 240 90
+ 108 154 30
+ 89 159 82
* 144 171 57
+ 175 210 64
+ 118 122 9
* 65 177 98
+ 79 206 88
? 32
+ 155 233 20
+ 34 230 96
* 76 118 20
* 169 208 13
* 146 197 82
* 179 207 76
* 103 127 86
+ 159 195 40
+ 200 220 86
? 239
? 179
+ 147 221 35
+ 19 106 81
? 115
? 28
* 53 170 80
* 110 111 78
* 55 80 99
+ 36 238 89
* 72 222 81
+ 76 116 93
* 6 68 9
+ 107 189 68
* 16 213 40
? 164
* 150 161 28
? 221
* 144 183 96
* 90 190 13
+ 215 229 30
+ 16 28 29
+ 35 114 5
? 68
? 226
+ 43 215 41
+ 105 202 47
+ 73 108 50
+ 37 96 81
* 64 67 50
+ 166 215 8
* 26 46 2
+ 39 60 92
+ 93 225 26
+ 80 199 33
+ 29 96 48
+ 142 224 11
* 159 222 73
* 54 120 68
+ 95 141 99
* 77 118 6
? 21
* 27 116 58
* 43 114 82
? 25
* 40 108 4
+ 8 118 56
+ 100 234 82
? 57
+ 24 83 99
? 213
? 91
? 86
+ 3 222 22
? 111
? 225
+ 104 232 27
* 58 103 27
* 10 98 100
* 18 104 54
? 215
+ 31 196 59
? 13
? 73
+ 153 176 57
+ 66 160 96
? 96
* 32 227 3
+ 22 108 24
+ 92 167 38
+ 11 193 32
+ 11 125 35
* 34 109 19
+ 100 170 97
+ 12 118 83
* 105 162 34
? 43
+ 54 96 30
* 98 112 57
* 77 170 65
+ 104 199 23
* 15 120 29
* 107 193 3
? 102
* 66 197 32
+ 1 16 89
* 38 120 94
? 96
+ 132 240 77
? 88
+ 36 41 65
? 137
* 139 206 39
* 13 99 36
* 93 94 30
? 189
+ 81 233 59
? 192
? 14
+ 138 139 79
? 206
+ 64 181 37
* 9 225 89
+ 49 110 83
+ 3 79 69
+ 196 218 34
* 17 33 90
* 174 179 52
* 76 92 80
* 173 226 29
* 97 119 91
+ 53 95 11
? 133
+ 21 80 60
+ 5 216 49
+ 72 155 67
+ 24 72 42
+ 117 150 21
* 106 168 87
+ 188 192 78
+ 23 68 50
+ 120 181 72
+ 2 91 14
* 53 107 45
* 107 125 65
+ 83 171 89
? 61
* 33 84 87
* 177 238 83
+ 33 176 70
* 94 99 71
* 57 197 26
* 8 82 92
* 24 131 16
* 7 212 96
? 106
* 11 183 96
* 194 212 61
* 127 190 13
? 134
? 32
* 34 97 97
* 28 160 72
+ 126 166 28
* 41 128 39
* 23 207 70
+ 99 170 12
* 106 240 41
+ 68 177 19
* 125 188 10
* 7 203 12
+ 71 112 24
? 36
+ 93 134 22
* 159 189 92
* 199 228 77
? 175
? 180
? 185
+ 6 49 8
* 43 101 12
+ 117 156 76
+ 54 114 90
+ 80 90 98
* 74 131 48
+ 166 235 5
+ 153 227 67
? 50
* 77 215 28
? 141
? 77
+ 157 205 32
* 123 194 60
? 82
+ 102 158 93
* 31 77 22
* 69 198 7
* 40 230 4
+ 117 160 7
? 71
+ 15 83 19
? 44
+ 211 225 96
? 92
* 50 187 86
+ 63 65 42
* 141 235 11
* 25 192 71
+ 91 121 94
* 45 92 97
? 209
? 57
* 131 166 18
+ 7 17 40
+ 49 175 82
+ 134 159 70
? 207
+ 76 123 3
? 157
+ 42 55 9
+ 14 239 38
+ 50 160 44
* 149 162 3
+ 6 53 95
? 128
* 10 18 54
* 25 87 56
? 38
? 195
? 167
+ 130 214 54
+ 90 96 44
+ 78 182 15
+ 53 112 19
* 46 213 65
+ 17 42 65
* 126 210 26
* 100 159 35
+ 61 93 92
* 18 27 88
+ 5 177 30
+ 164 234 87
+ 199 205 84
? 28
+ 59 142 9
+ 13 100 49
* 96 127 29
* 14 193 44
* 89 198 16
* 78 93 23
* 50 109 19
+ 101 170 70
+ 88 230 25
* 76 131 5
? 134
+ 91 121 45
* 2 81 5
+ 14 137 59
* 148 173 69
+ 141 156 52
* 32 102 70
* 21 197 45
+ 59 230 60
? 169
? 191
+ 173 234 18
* 72 167 49
+ 27 115 36
? 156
+ 48 190 59
* 147 160 68
+ 175 220 71
* 55 227 98
* 149 195 92
+ 190 230 47
+ 1 65 85
? 41
+ 160 187 54
+ 8 143 88
* 26 126 83
? 146
+ 81 131 3
* 19 85 49
* 19 107 13
* 4 53 37
* 53 199 100
+ 150 217 88
+ 75 141 29
* 34 189 52
* 132 168 75
* 19 107 32
? 232
+ 44 96 93
* 121 194 58
+ 12 152 48
* 31 181 69
+ 49 135 98
? 153
+ 100 220 23
? 24
+ 17 181 3
+ 14 166 62
+ 48 213 94
? 169
+ 148 217 59
* 147 182 72
* 22 149 5
+ 118 200 98
* 172 221 5
+ 50 233 41
* 9 90 3
* 15 27 37
* 67 173 26
* 114 195 96
* 93 155 54
+ 139 141 69
* 40 104 85
? 159
* 57 65 11
? 109
+ 105 193 92
? 49
+ 13 90 68
? 209
? 174
* 218 224 95
* 174 230 1
+ 55 231 94
* 11 112 96
* 27 51 24
+ 205 220 60
* 115 156 63
* 12 215 79
* 44 227 3
+ 166 200 49
* 161 203 50
+ 40 224 74
? 49
+ 36 136 84
+ 42 191 43
+ 1 141 7
+ 146 218 31
? 66
+ 27 142 86
* 93 102 74
* 41 130 40
* 202 214 58
? 202
* 40 219 78
+ 58 62 74
+ 193 204 7
* 100 190 2
+ 168 212 29
? 13
* 55 83 30
* 152 169 77
* 224 230 47
* 62 191 72
+ 41 200 89
+ 68 191 21
* 6 121 43
* 51 215 11
? 221
* 98 204 15
? 48
+ 37 178 14
? 78
+ 105 146 99
* 11 231 11
+ 65 184 93
* 123 211 59
+ 121 139 34
* 103 219 43
* 85 209 62
+ 109 158 84
+ 25 56 77
+ 32 92 66
+ 82 143 22
? 47
+ 25 111 17
+ 82 122 49
+ 30 178 10
+ 71 86 11
+ 14 85 15
? 227
* 54 234 49
? 130
* 30 142 13
+ 67 190 32
* 77 106 37
+ 81 156 32
+ 208 211 74
? 25
* 7 128 76
? 157
+ 68 231 16
+ 99 221 79
* 106 218 84
+ 4 168 17
? 9
+ 135 200 73
+ 11 51 44
+ 136 146 67
+ 30 99 73
* 71 131 37
+ 53 196 80
? 79
* 39 179 41
* 11 68 8
? 214
+ 101 185 18
* 104 221 23
+ 44 82 42
+ 142 228 29
+ 170 239 10
* 46 230 72
* 19 171 41
* 25 123 65
* 114 121 64
+ 118 208 17
? 177
* 75 218 94
* 40 193 50
+ 92 140 82
* 136 200 35
* 147 148 39
* 106 177 2
+ 10 131 96
* 154 212 64
* 105 218 96
? 108
+ 67 210 50
? 229
* 37 104 6
+ 40 174 47
+ 73 189 33
* 17 79 93
? 147
* 21 90 6
? 82
* 68 161 68
+ 41 74 5
? 20
? 55
+ 54 219 66
? 133
? 116
* 216 240 85
+ 61 158 1
* 29 103 33
? 176
+ 67 75 93
? 165
* 38 70 52
+ 65 130 13
? 141
+ 59 185 63
* 111 143 49
+ 178 220 84
* 1 48 47
* 124 163 77
? 164
* 73 164 58
? 3
* 130 139 2
+ 38 176 8
* 71 199 54
* 93 106 12
+ 163 173 66
+ 91 194 24
* 3 104 81
? 224
? 31
+ 154 185 60
+ 29 171 32
+ 108 139 7
? 126
+ 88 129 14
* 56 155 100
+ 53 63 92
+ 57 72 36
* 167 227 6
? 125
? 119
+ 181 188 18
? 113
* 41 136 80
+ 116 182 69
* 105 156 80
* 18 66 65
+ 128 190 11
* 50 89 41
+ 201 202 5
* 5 222 72
* 134 236 45
+ 4 105 51
+ 58 213 46
* 124 166 70
* 119 230 87
* 143 176 25
* 21 146 30
+ 25 55 43
* 69 162 53
* 22 91 59
* 35 61 38
+ 50 55 70
* 12 26 80
* 34 79 17
? 111
* 32 105 94
+ 17 116 100
? 51
* 126 204 94
+ 20 210 64
* 175 190 59
+ 93 180 35
* 66 139 22
? 53
+ 48 201 18
* 178 183 5
? 69
? 84
+ 145 146 25
* 16 92 55
* 53 233 81
* 3 6 57
+ 110 228 97
+ 106 117 60
* 98 216 54
+ 78 214 39
* 52 138 89
+ 137 232 76
+ 50 73 95
? 109
+ 86 120 5
* 73 128 50
* 97 99 73
+ 24 195 64
* 122 215 64
? 172
? 215
* 55 235 82
? 91
? 22
+ 82 172 59
+ 51 117 64
+ 81 139 2
+ 25 98 65
* 86 221 38
+ 84 170 82
* 28 148 98
? 50
* 10 166 3
? 148
+ 133 144 7
* 12 231 66
+ 26 57 73
? 187
+ 17 214 7
? 66
+ 103 195 21
+ 23 127 19
* 119 171 24
? 36
* 112 204 44
+ 11 52 83
* 5 205 14
+ 1 24 97
+ 65 203 69
+ 91 239 85
? 177
? 109
+ 89 169 23
+ 168 170 67
* 10 25 33
? 101
* 123 176 12
+ 130 225 74
* 15 230 32
+ 40 142 34
* 33 80 70
+ 14 218 27
* 34 170 31
* 80 174 72
* 174 184 94
+ 36 46 55
? 59
* 10 159 78
? 45
* 143 174 70
? 76
+ 27 95 54
+ 145 197 39
? 230
* 187 217 78
? 120
* 30 169 61
+ 123 128 20
* 1 32 2
* 13 73 81
* 79 203 30
+ 16 147 53
* 9 175 54
? 129
+ 129 163 24
+ 55 177 74
+ 127 211 71
* 49 219 74
? 106
* 113 236 88
+ 28 176 65
* 107 145 39
+ 127 187 9
* 38 139 14
+ 124 196 46
+ 205 213 82
* 83 159 55
* 2 5 76
+ 126 198 36
+ 64 140 35
+ 133 168 61
* 14 187 61
* 20 123 43
? 21
+ 26 29 38
+ 55 170 79
* 142 239 73
+ 152 219 73
* 66 179 69
? 70
? 145
+ 113 119 68
+ 45 142 89
? 235
+ 9 70 83
* 34 118 85
+ 23 190 94
* 156 177 11
? 167
? 218
* 213 232 57
* 9 185 88
+ 22 226 61
+ 1 185 88
+ 111 155 34
+ 85 104 33
+ 33 184 98
+ 90 177 42
+ 10 240 53
* 156 190 56
+ 140 182 61
+ 38 142 95
+ 140 175 50
* 27 174 17
* 127 199 58
+ 9 62 78
* 64 210 48
* 106 234 29
* 3 131 42
+ 50 69 40
* 129 171 59
? 230
? 139
+ 18 168 14
+ 17 210 63
* 34 211 27
? 24
+ 92 239 14
? 119
+ 59 198 7
+ 28 148 5
+ 133 215 91
* 74 86 74
* 69 191 62
+ 60 195 49
? 176
* 25 235 89
* 188 209 22
* 132 168 1
? 90
? 89
* 80 157 98
* 150 213 94
* 12 191 46
+ 64 189 67
* 108 200 4
* 73 239 97
* 5 115 12
* 4 17 97
+ 53 108 5
* 155 182 76
+ 121 152 41
? 104
+ 40 176 25
* 39 160 98
* 131 141 17
+ 29 223 92
+ 45 108 71
? 19
+ 119 226 49
+ 116 228 54
+ 94 169 1
+ 71 118 48
? 18
* 20 230 89
+ 66 228 76
* 12 174 4
* 33 39 3
+ 117 183 47
+ 24 144 80
? 146
+ 3 37 99
* 5 106 84
+ 15 114 30
? 153
* 180 201 71
+ 7 206 93
? 118
+ 33 147 54
+ 87 215 23
+ 30 81 5
+ 219 230 44
+ 43 212 47
* 5 84 78
* 155 155 67
? 61
+ 127 148 86
+ 35 101 25
+ 61 235 92
+ 43 63 7
? 48
* 2 170 55
? 101
* 141 224 3
+ 32 189 13
* 10 206 20
* 4 44 51
+ 206 214 76
+ 39 157 62
* 1 217 98
+ 43 56 82
+ 7 101 4
? 42
* 155 198 39
* 204 234 52
+ 31 43 11
* 23 92 55
+ 46 169 51
? 52
? 209
* 133 210 2
* 32 158 24
* 32 125 19
+ 171 234 45
* 88 209 93
? 198
+ 39 40 38
+ 5 147 1
* 30 118 58
? 26
* 130 177 50
+ 138 163 74
+ 54 172 57
? 94
+ 17 169 65
* 154 163 78
+ 15 201 59
+ 20 160 16
? 58
? 31
* 202 208 37
* 143 212 69
* 82 183 30
* 65 133 27
+ 37 102 35
+ 126 200 40
+ 64 168 18
* 50 199 36
+ 123 192 56
+ 128 196 75
* 110 190 22
+ 235 239 35
* 38 86 59
+ 13 164 92
? 11
+ 21 74 29
* 127 137 53
* 78 202 83
* 186 217 98
+ 207 231 94
+ 112 118 76
* 73 153 76
* 103 118 55
+ 22 29 63
* 183 220 37
+ 79 240 93
+ 178 222 2
? 93
+ 13 37 31
+ 187 208 34
* 8 194 3
+ 62 73 54
* 9 125 96
+ 16 29 56
? 184
+ 68 216 2
+ 89 220 80
* 11 187 9
* 54 221 60
+ 100 161 44
* 71 106 21
+ 150 194 45
* 12 132 19
? 179
* 163 189 48
+ 44 173 67
* 37 167 94
+ 159 159 73
* 186 225 52
* 3 35 38
* 114 186 71
? 118
+ 33 52 32
+ 50 128 36
* 46 99 9
? 156
* 92 201 31
? 18
+ 76 129 96
? 6
+ 38 163 69
? 12
* 27 95 88
* 136 170 100
+ 52 71 77
+ 12 113 77
* 17 157 71
? 167
+ 45 72 27
* 46 221 68
* 57 136 5
+ 184 196 97
+ 25 129 87
* 95 222 71
? 127
* 115 172 63
+ 21 226 3
+ 18 89 9
* 172 223 85
? 223
* 222 226 39
* 79 202 96
* 50 146 71
? 38
? 138
* 27 71 97
+ 48 215 51
? 197
* 50 70 79
* 130 198 13
+ 114 189 12
+ 11 39 8
+ 38 156 42
? 75
+ 120 185 22
? 107
? 51
+ 52 60 31
? 21
* 84 138 34
* 32 221 85
+ 137 199 34
+ 125 131 15
* 48 125 51
+ 142 234 54
+ 110 229 47
+ 175 215 26
? 216
* 77 112 87
+ 10 220 70
* 201 229 59
+ 153 165 76
? 134
* 128 218 39
+ 61 101 86
* 168 235 81
* 137 172 7
+ 78 127 5
+ 109 235 19
+ 103 114 8
* 74 182 92
+ 93 176 46
? 32
+ 41 233 65
+ 154 234 90
+ 66 197 88
* 26 74 21
+ 36 86 57
+ 81 142 18
+ 156 213 99
+ 129 146 83
* 175 217 90
? 233
* 18 49 25
? 6
? 144
+ 22 45 41
* 28 62 7
* 166 195 86
+ 162 219 79
+ 90 227 20
? 115
* 47 211 54
+ 61 115 64
* 38 108 68
+ 145 166 59
? 200
* 40 169 23
* 4 198 38
+ 48 75 99
* 59 150 11
+ 127 210 67
+ 93 123 29
* 64 92 43
? 221
+ 192 225 37
+ 111 144 97
+ 162 179 13
+ 91 164 95
* 29 234 91
* 142 194 55
* 81 218 51
* 113 212 7
+ 101 208 64
* 66 156 67
* 14 112 14
+ 77 183 49
+ 161 208 96
+ 59 82 1
+ 23 58 2
+ 26 135 39
+ 59 150 38
* 127 181 82
? 207
* 127 167 97
? 98
* 167 193 62
? 126
? 219
+ 47 129 24
* 3 81 100
* 73 213 87
* 206 231 60
* 141 230 58
+ 51 93 5
? 74
+ 25 120 50
* 4 98 70
+ 83 194 14
* 96 217 33
+ 45 164 31
* 14 182 59
+ 6 142 31
* 48 146 73
+ 75 222 25
+ 24 36 48
+ 105 212 58
+ 126 161 75
+ 122 226 92
* 111 227 25
+ 167 206 33
+ 38 43 81
+ 15 47 69
+ 110 138 86
+ 178 232 11
* 141 190 44
+ 133 234 96
? 147
? 141
+ 21 194 76
+ 25 220 39
+ 83 235 61
+ 45 115 83
* 30 77 21
? 25
+ 131 166 63
* 86 175 56
+ 55 92 95
* 6 9 45
* 9 25 19
* 20 40 26
+ 82 152 60
? 72
? 1
+ 94 116 34
* 79 203 69
+ 70 189 87
? 179
? 179
* 3 104 7
* 65 166 7
* 55 95 12
* 94 168 31
* 35 206 46
* 34 103 9
? 232
* 106 171 75
* 79 199 73
* 66 200 13
+ 22 201 30
* 35 53 83
* 56 90 68
+ 24 196 77
* 137 160 6
+ 151 201 71
* 15 142 85
+ 93 230 67
? 19
+ 109 174 42
* 51 225 90
* 78 129 81
* 44 133 23
? 185
* 99 140 13
+ 40 147 11
+ 43 104 49
* 73 172 32
* 29 163 14
+ 50 171 42
? 227
? 5
* 133 135 64
* 166 206 21
+ 144 147 10
+ 161 192 99
? 167
* 169 216 5
? 27
+ 96 230 90
* 1 39 78
+ 197 198 66
? 158
+ 87 109 76
? 125
* 94 100 65
* 9 229 88
+ 189 203 71
* 9 49 81
+ 69 234 52
+ 138 181 99
+ 39 233 59
* 190 224 25
* 23 210 27
? 68
? 114
+ 115 191 31
? 166
+ 156 176 60
* 62 119 31
+ 41 208 54
* 149 158 51
+ 213 239 66
? 61
+ 117 237 2
? 172
* 1 238 95
* 88 151 40
* 61 191 92
+ 85 187 66
? 144
* 159 215 52
* 37 143 36
+ 65 236 8
+ 98 136 34
* 77 184 86
+ 15 104 89
+ 4 222 17
? 65
? 44
* 65 222 100
+ 236 239 39
* 87 144 8
? 4
? 14
+ 99 114 1
* 57 124 25
* 60 224 4
+ 118 148 27
* 10 158 12
? 169
* 137 137 71
+ 69 170 59
+ 36 234 23
+ 137 182 28
* 85 238 14
+ 5 184 23
* 6 120 97
? 110
? 156
* 47 137 10
+ 42 213 84
* 28 206 37
+ 164 221 94
+ 178 225 23
* 38 158 98
* 26 231 37
* 88 188 38
+ 170 209 75
+ 85 198 2
? 54
* 150 221 68
+ 38 40 66
? 177
? 182
* 30 141 30
+ 213 238 5
+ 42 44 72
* 23 162 99
+ 20 23 79
? 88
? 107
? 98
? 128
+ 153 157 21
? 238
* 20 99 67
+ 65 236 76
? 207
* 101 120 60
? 35
* 4 199 63
* 26 231 1
? 135
* 155 160 6
* 122 133 40
* 69 107 41
+ 222 233 95
+ 105 142 71
* 108 158 19
+ 18 29 27
+ 176 219 39
? 166
+ 144 211 58
? 203
? 75
* 155 180 18
+ 121 238 44
* 28 82 46
* 172 216 55
? 209
* 55 112 85
* 128 227 62
+ 56 65 13
+ 37 106 93
+ 72 202 86
* 29 102 55
+ 109 202 13
* 114 154 51
* 28 183 16
+ 69 117 3
* 164 184 62
+ 50 91 85
+ 46 143 7
* 159 240 49
? 239
? 48
? 176
+ 48 117 22
* 45 65 2
? 27
+ 216 223 13
+ 124 191 49
+ 2 158 33
+ 5 45 73
* 137 140 82
* 138 182 10
? 73
? 19
? 200
+ 122 151 94
* 31 117 41
+ 105 138 62
* 29 142 58
? 213
+ 3 11 87
* 110 199 47
* 149 237 55
* 11 229 79
? 238
+ 130 200 55
* 3 88 64
? 5
+ 34 154 77
* 42 172 80
* 88 180 71
+ 91 186 81
* 112 171 45
+ 107 143 62
? 36
* 81 181 47
* 64 201 33
* 50 232 32
* 81 157 68
* 50 97 92
+ 114 232 26
* 82 202 25
+ 200 229 98
? 80
? 32
? 132
* 48 153 100
* 69 120 39
+ 45 110 99
? 6
+ 220 222 53
+ 10 110 22
* 3 145 44
* 8 146 35
+ 42 206 84
+ 58 185 63
+ 50 171 61
* 3 51 81
* 167 173 72
* 36 95 26
+ 147 171 65
+ 2 78 76
* 17 74 2
+ 179 194 21
? 103
? 131
+ 81 159 73
? 38
* 53 208 81
+ 2 163 5
+ 1 211 55
* 68 180 49
? 42
* 71 222 26
+ 11 61 40
* 32 79 13
* 35 230 70
+ 173 194 91
? 134
+ 159 212 45
? 154
+ 133 176 1
? 224
* 58 128 28
? 10
+ 100 233 72
+ 103 124 51
* 115 221 42
? 28
* 4 204 49
+ 160 206 14
* 6 99 10
? 70
+ 160 213 53
? 222
* 203 231 14
+ 56 125 34
* 164 226 3
* 86 131 97
? 196
+ 169 215 54
+ 70 222 23
* 166 179 51
+ 21 86 42
? 56
+ 57 130 6
+ 210 226 82
+ 56 153 38
+ 39 49 47
+ 212 237 13
+ 145 232 70
? 151
* 40 130 23
+ 212 224 26
+ 39 219 73
* 174 231 70
+ 32 41 78
* 21 92 68
? 96
+ 23 97 20
+ 81 183 20
+ 206 218 54
+ 47 136 50
+ 152 173 21
* 100 132 35
* 57 83 82
? 37
+ 7 229 72
* 13 129 93
* 41 231 2
* 165 230 24
* 35 183 99
+ 16 173 26
+ 198 236 22
* 109 160 20
+ 44 208 71
? 233
+ 94 118 86
? 25
* 38 38 16
+ 77 188 91
? 201
? 193
? 120
+ 50 204 90
* 14 186 21
* 58 193 68
* 6 237 24
* 72 109 43
* 42 183 13
+ 99 224 89
* 21 184 49
* 124 202 85
+ 80 193 56
* 20 116 61
* 33 153 9
+ 186 235 30
+ 18 73 15
+ 6 129 27
* 22 37 75
+ 35 200 41
+ 31 208 42
+ 168 174 94
* 147 182 37
+ 42 159 15
* 57 158 42
* 98 203 32
* 14 141 18
+ 37 149 68
+ 167 216 59
* 88 145 99
? 107
* 11 35 24
* 42 147 59
+ 7 145 41
+ 161 177 12
+ 8 199 89
* 117 236 15
+ 9 107 17
* 91 102 34
* 8 232 58
+ 132 165 2
+ 73 177 22
* 65 117 40
? 39
* 155 159 59
* 159 221 91
+ 41 239 6
? 172
* 36 158 5
* 6 214 33
* 76 236 35
+ 61 94 100
+ 178 238 66
* 158 179 43
+ 140 152 74
+ 141 142 79
+ 15 142 5
? 217
? 221
? 70
* 90 179 34
? 137
* 74 80 6
* 142 220 66
? 43
+ 90 92 20
+ 129 191 83
? 132
+ 70 232 60
* 92 239 79
* 9 53 48
+ 109 160 9
* 18 98 100
+ 3 222 48
* 55 126 40
+ 119 201 77
* 13 122 45
* 210 211 56
* 128 155 99
+ 96 141 49
? 13
* 67 176 50
+ 90 181 75
? 193
+ 116 176 43
? 232
+ 119 207 57
* 64 177 61
+ 92 117 88
* 132 217 83
* 136 140 20
+ 16 135 29
? 68
* 146 163 5
+ 73 210 17
+ 20 134 9
* 97 166 49
+ 139 216 63
+ 38 67 31
* 19 122 67
+ 115 152 100
* 85 99 54
+ 38 62 20
* 57 94 80
* 45 229 70
* 134 205 99
+ 83 229 94
+ 114 185 13
+ 36 215 51
+ 23 83 99
+ 26 182 82
? 85
* 49 108 55
* 89 161 65
+ 16 141 52
+ 67 132 76
+ 82 219 8
+ 94 153 5
+ 40 98 30
? 25
+ 57 222 29
+ 105 144 64
? 44
* 7 21 51
* 111 114 14
* 103 200 47
* 145 209 38
? 25
? 39
* 55 75 19
+ 4 186 65
+ 38 85 100
+ 14 178 37
* 9 9 97
+ 113 167 88
+ 131 231 98
+ 75 147 46
* 227 232 22
? 54
* 179 201 36
? 81
? 67
* 41 105 80
* 56 111 33
+ 59 186 7
* 60 158 10
* 140 166 84
+ 78 214 3
+ 129 195 26
+ 41 185 30
* 99 124 53
* 54 81 76
* 20 113 52
? 17
? 121
* 99 145 7
* 87 93 97
* 9 204 6
* 62 88 49
* 100 123 8
+ 158 235 93
+ 20 45 41
* 156 236 23
* 61 63 80
* 88 162 4
? 36
? 110
+ 11 230 64
+ 162 178 59
+ 105 174 9
? 100
? 25
* 21 165 68
+ 63 239 50
* 2 96 42
* 39 141 95
* 183 187 22
+ 19 42 67
* 103 231 40
+ 14 221 76
+ 75 198 87
+ 188 204 93
* 101 132 79
+ 5 95 61
* 232 234 7
* 104 205 77
? 179
* 40 136 84
+ 114 123 52
+ 84 165 99
? 170
+ 45 138 78
* 1 62 92
+ 15 63 31
+ 15 230 32
* 56 58 52
+ 42 48 97
+ 75 133 16
+ 172 237 4
* 98 153 72
* 92 94 62
* 94 199 4
* 129 134 90
+ 168 208 10
* 127 152 92
+ 16 39 79
* 66 180 85
* 172 198 2
+ 50 173 79
? 194
? 238
+ 193 237 29
* 36 240 15
? 130
+ 93 195 43
* 151 234 3
* 44 205 68
+ 115 224 3
* 5 59 86
* 193 237 17
? 234
* 117 198 54
+ 133 185 15
* 104 219 22
+ 18 71 14
* 78 191 19
+ 63 86 65
* 125 137 37
+ 111 226 27
+ 103 203 66
? 110
? 13
+ 53 78 87
+ 68 198 5
+ 152 164 58
? 52
+ 162 177 77
+ 20 31 25
+ 60 151 93
* 28 217 79
+ 69 235 71
+ 120 154 94
+ 96 111 7
* 46 67 48
* 161 221 47
? 42
+ 181 197 53
* 67 137 67
+ 10 226 19
* 110 174 48
+ 94 169 32
+ 105 157 27
? 115
+ 164 183 4
+ 58 240 27
? 155
? 32
* 13 15 79
+ 165 190 89
+ 93 122 89
* 49 67 51
+ 2 74 1
* 74 213 47
+ 18 229 60
+ 13 157 83
? 218
+ 34 100 68
+ 46 129 86
+ 111 240 20
* 32 89 61
+ 21 137 27
* 191 197 98
+ 27 68 75
+ 37 204 34
+ 184 236 23
+ 107 199 7
+ 160 237 63
+ 13 88 90
* 51 224 79
+ 56 153 66
? 226
? 156
+ 83 227 17
* 179 196 89
+ 48 63 41
* 217 239 19
* 104 214 4
? 79
+ 107 192 23
? 146
? 112
+ 67 108 34
* 101 209 53
+ 25 102 8
* 19 111 8
+ 12 112 8
+ 3 220 86
* 53 71 76
+ 57 209 87
? 83
? 82
+ 127 192 66
* 99 104 3
+ 224 237 68
* 34 236 72
+ 64 180 71
? 142
+ 17 25 57
* 9 229 33
* 11 82 50
? 190
+ 37 165 57
* 26 95 55
* 62 172 48
* 68 84 91
* 19 59 67
* 60 183 4
? 87
* 12 67 52
* 198 206 82
+ 133 233 58
* 218 235 15
+ 144 213 39
+ 2 69 76
+ 83 224 5
+ 209 225 47
+ 7 85 22
+ 37 100 26
? 136
? 76
* 61 114 42
? 181
* 36 176 96
* 145 159 35
* 53 60 49
* 58 153 61
* 223 235 79
+ 137 184 88
+ 39 159 5
+ 194 230 100
* 227 228 93
* 56 65 4
* 112 170 43
* 125 130 100
* 41 207 26
* 19 31 62
? 70
+ 21 57 77
* 32 74 75
+ 132 176 56
* 143 192 1
* 27 236 33
+ 163 232 77
* 46 160 13
* 20 127 59
* 45 74 100
* 63 64 88
* 23 123 28
* 14 49 36
* 16 87 92
* 71 219 27
? 117
* 126 191 16
* 54 78 45
* 80 97 74
+ 222 240 64
+ 205 223 6
+ 21 64 35
? 87
? 3
+ 33 229 63
* 202 212 60
* 34 76 37
+ 73 122 92
? 158
? 232
+ 145 238 53
+ 73 96 48
+ 162 201 90
* 130 210 95
+ 21 44 60
+ 198 234 4
? 199
+ 6 103 58
* 23 129 53
+ 173 239 76
* 46 119 6
? 11
+ 48 88 36
? 4
+ 125 207 14
* 102 135 18
+ 56 147 66
+ 50 208 68
* 50 163 54
* 157 174 90
* 173 240 31
+ 19 187 23
* 109 142 40
+ 35 51 85
+ 30 213 76
+ 4 88 70
* 93 135 96
* 129 223 36
+ 20 32 80
* 22 150 12
+ 63 125 63
+ 68 236 25
* 16 201 24
* 141 157 87
* 27 125 43
? 126
? 25
+ 90 171 79
* 82 150 72
+ 193 217 39
* 6 131 92
* 159 225 53
? 79
+ 173 190 82
+ 13 51 20
+ 33 237 11
? 189
* 28 151 99
+ 67 164 21
? 100
+ 8 220 20
* 15 27 63
+ 29 61 10
* 86 173 62
* 32 203 23
? 127
+ 19 69 95
* 149 186 19
+ 137 213 69
* 122 236 30
* 95 98 92
+ 94 187 39
+ 136 203 43
+ 47 190 19
* 21 197 90
+ 75 114 89
+ 88 217 20
* 18 133 21
? 74
+ 36 69 27
? 18
* 170 189 69
+ 71 170 25
+ 39 166 47
+ 38 55 58
+ 49 240 93
? 35
? 233
+ 88 118 78
* 90 175 78
+ 94 235 64
* 171 204 78
+ 36 155 94
+ 69 99 27
* 80 88 80
? 239
* 186 200 28
+ 162 232 69
+ 5 232 83
* 103 158 94
* 115 203 16
+ 115 218 87
+ 56 90 11
* 41 51 76
* 30 213 28
+ 47 61 64
? 17
+ 91 212 1
+ 18 51 15
* 77 110 9
* 79 221 18
+ 30 42 5
* 19 86 9
+ 23 64 66
+ 64 236 25
+ 25 31 75
* 3 204 56
* 74 117 66
* 99 214 68
* 36 202 75
+ 81 107 94
? 156
+ 130 186 66
* 28 197 17
+ 71 161 67
+ 57 66 36
* 72 134 51
+ 58 117 11
* 89 152 91
+ 76 195 19
+ 64 134 32
* 26 78 30
* 116 141 70
* 55 139 98
? 154
* 2 161 86
? 227
+ 50 224 21
+ 7 222 44
? 8
+ 20 44 88
* 52 142 13
* 136 183 18
* 113 202 45
+ 180 210 86
? 63
* 63 233 29
? 82
+ 59 123 92
? 71
+ 14 225 87
* 189 200 14
* 51 193 9
? 113
+ 126 218 59
+ 2 30 13
* 3 118 82
* 187 213 15
* 128 176 85
* 127 175 23
+ 93 136 27
* 77 137 77
* 86 109 79
* 26 128 96
+ 75 100 70
? 193
+ 24 191 40
* 68 70 4
+ 140 143 14
+ 19 158 92
+ 80 158 55
* 141 211 64
? 165
* 56 60 68
+ 109 223 41
+ 120 155 22
+ 172 229 60
? 68
* 45 149 73
? 140
+ 136 185 47
* 6 170 73
+ 39 95 57
* 134 168 99
* 137 189 68
* 12 225 19
* 20 226 46
+ 81 189 84
* 66 83 43
* 11 56 60
? 177
* 125 147 37
+ 128 163 6
? 20
+ 203 211 86
+ 151 200 60
+ 82 105 85
* 145 185 35
* 78 113 85
* 1 180 37
? 129
+ 100 232 57
? 14
? 225
? 230
+ 86 187 99
? 4
* 78 184 53
? 192
* 64 78 30
+ 52 115 42
? 229
+ 213 213 60
+ 6 82 85
* 141 171 40
+ 42 100 83
? 217
* 169 183 47
* 80 110 71
* 75 199 67
? 76
* 183 224 97
* 39 67 3
+ 196 206 65
* 87 96 88
* 168 213 76
+ 150 187 99
+ 7 77 5
* 28 161 4
* 88 137 56
? 117
* 67 212 42
? 106
? 36
* 91 222 2
? 12
* 142 156 56
+ 79 178 2
* 57 240 53
+ 87 96 12
? 64
* 133 140 97
* 106 132 40
* 1 63 64
* 13 137 12
* 33 211 45
? 1
? 44
+ 51 200 18
? 68
+ 71 197 70
+ 122 200 93
* 178 193 75
? 17
+ 101 217 11
* 9 118 3
+ 108 173 58
+ 166 204 55
+ 68 146 14
* 172 206 82
* 67 192 57
* 161 172 37
* 56 223 39
+ 16 229 6
* 43 108 63
? 97
* 132 141 86
? 196
* 9 21 29
* 23 152 3
* 26 88 29
* 18 63 87
* 14 27 70
? 39
* 88 119 15
* 16 187 88
+ 43 130 97
* 3 204 10
* 59 95 35
* 131 133 66
+ 129 161 63
? 147
+ 34 98 41
* 43 188 95
* 157 239 72
* 200 238 58
* 60 104 86
* 166 176 51
+ 90 145 56
* 99 107 41
? 168
+ 147 166 63
* 23 214 42
+ 97 182 88
+ 83 103 94
+ 123 176 27
? 42
* 63 185 71
+ 157 238 36
+ 53 99 27
* 71 200 5
+ 67 83 74
+ 103 169 1
* 16 16 97
+ 54 159 56
* 78 204 70
? 128
+ 6 198 24
* 88 187 80
* 144 215 70
? 31
+ 96 168 40
+ 166 189 61
? 98
? 240
+ 17 198 38
* 96 140 80
+ 46 134 8
* 25 205 83
* 22 55 34
+ 213 234 22
* 4 63 61
+ 9 73 37
+ 136 190 13
* 79 168 9
? 10
* 30 144 92
* 18 145 89
* 63 112 86
* 45 54 28
* 37 56 66
* 117 189 74
? 114
* 143 214 38
+ 38 235 89
* 45 101 12
+ 48 131 53
+ 136 189 39
* 29 208 30
? 70
+ 43 127 85
+ 21 154 93
? 121
* 118 164 84
+ 34 205 30
* 53 225 83
+ 15 83 11
* 210 225 17
+ 177 179 16
+ 24 92 16
+ 197 232 15
* 123 190 24
* 26 145 50
+ 69 214 43
+ 66 113 45
+ 15 23 46
* 38 215 76
? 176
+ 63 171 5
+ 139 150 18
* 2 118 14
+ 51 68 5
+ 2 231 99
* 22 97 41
* 142 186 42
+ 13 48 93
+ 68 117 88
+ 45 152 39
? 68
+ 159 181 25
? 127
? 41
+ 54 88 19
+ 51 240 67
? 58
* 64 118 90
+ 20 183 55
* 38 207 10
* 15 19 57
* 136 143 4
* 135 176 65
+ 4 70 73
? 231
* 73 173 4
* 147 173 78
* 17 37 45
? 152
* 1 231 51
? 56
* 144 171 17
+ 73 176 99
* 159 176 1
* 108 114 65
? 10
* 48 180 88
+ 196 206 64
* 157 167 36
? 204
+ 83 87 66
+ 50 239 27
+ 74 106 30
? 153
? 129
+ 28 196 34
* 123 133 43
+ 175 202 9
* 19 42 50
* 185 208 10
* 75 151 9
? 137
+ 37 65 72
* 26 195 13
+ 67 192 58
* 36 119 35
+ 34 62 65
* 171 211 54
* 99 215 77
+ 185 236 87
* 15 25 19
* 62 204 22
+ 64 225 27
? 117
+ 75 87 9
* 36 144 66
* 82 232 77
? 128
+ 42 95 46
? 17
* 113 223 7
+ 8 187 86
+ 85 238 62
+ 60 219 28
* 8 209 52
? 123
* 98 114 83
+ 125 176 2
+ 41 220 88
* 28 117 4
? 6
+ 87 124 18
? 15
+ 112 144 27
+ 44 195 75
* 10 33 88
* 46 194 28
* 98 99 16
+ 46 179 33
* 162 177 48
+ 111 138 20
* 173 200 33
+ 32 105 39
? 198
* 95 169 36
? 33
+ 97 98 99
* 179 198 54
+ 28 137 50
* 149 162 43
* 83 93 78
+ 64 79 16
+ 66 205 20
+ 16 52 89
? 231
* 18 167 65
+ 71 98 72
+ 126 154 6
? 190
+ 59 158 7
+ 73 193 73
* 113 114 90
? 3
* 15 151 94
+ 127 170 71
* 18 229 32
+ 138 171 12
+ 176 181 33
* 78 177 46
* 62 230 52
? 194
* 192 200 56
? 217
+ 33 137 9
* 4 57 39
* 33 226 6
+ 151 237 84
+ 52 59 31
* 75 90 71
? 218
+ 11 178 88
? 234
* 62 102 62
? 219
* 19 216 91
* 81 125 10
* 39 73 30
+ 50 139 13
? 29
* 123 174 94
* 31 35 75
+ 108 133 75
* 126 192 27
? 37
? 153
* 51 174 57
+ 167 178 77
+ 13 219 33
+ 41 191 18
* 34 118 99
* 121 196 86
* 83 119 53
* 141 199 41
* 40 203 83
? 71
+ 112 138 75
+ 37 192 62
* 29 65 10
+ 144 233 41
+ 154 208 98
+ 100 130 66
* 71 143 69
* 41 191 77
+ 114 181 95
* 29 190 13
* 195 215 57
* 39 66 83
* 178 202 88
+ 128 173 86
* 182 217 97
* 169 204 57
* 40 206 79
* 50 112 9
+ 65 186 4
+ 109 144 39
* 55 135 61
* 28 104 60
? 57
? 153
? 234
? 71
* 27 111 35
* 70 191 42
? 94
* 65 147 3
+ 4 59 18
? 79
? 238
* 89 232 23
? 58
* 51 172 39
* 52 121 6
* 142 231 22
* 52 121 62
* 12 227 3
+ 23 73 12
* 12 48 39
? 125
+ 77 176 22
+ 113 188 68
+ 42 89 5
* 94 136 18
* 22 141 8
* 191 208 6
+ 15 122 68
* 118 121 35
* 5 45 10
* 24 229 49
* 157 199 98
* 174 217 47
* 86 209 21
* 102 188 97
+ 145 198 51
? 87
? 94
+ 127 143 3
? 156
* 132 163 98
? 42
+ 87 154 22
? 188
+ 6 126 63
? 231
* 63 196 59
* 70 173 84
* 84 107 58
* 73 229 70
+ 122 219 3
* 108 170 43
+ 135 165 12
+ 20 106 91
* 171 214 11
* 108 213 78
+ 11 139 1
* 76 101 86
+ 45 236 15
+ 17 199 15
* 22 94 98
+ 72 75 94
* 94 136 90
+ 27 176 28
+ 119 130 10
+ 12 219 88
+ 139 192 64
+ 45 48 46
+ 117 185 4
* 113 183 49
* 131 194 75
+ 44 173 38
? 217
+ 115 123 35
+ 6 14 48
+ 32 240 61
+ 65 73 23
+ 46 185 100
* 152 207 91
+ 115 125 20
? 75
* 193 197 60
* 27 119 73
+ 137 226 74
+ 125 180 100
* 78 143 47
? 139
+ 80 229 17
* 85 165 18
+ 116 217 55
* 120 211 98
+ 14 161 94
? 110
? 180
+ 124 184 34
* 54 139 36
+ 41 57 70
+ 2 207 43
+ 104 183 5
? 216
* 23 116 2
* 14 137 54
* 115 120 46
+ 62 152 12
+ 45 179 79
+ 79 222 69
* 165 204 83
+ 74 174 76
* 7 207 88
* 74 146 83
+ 153 161 40
* 105 156 54
* 61 189 60
+ 230 237 72
? 236
* 2 164 88
* 176 225 54
* 34 189 63
* 50 175 17
? 235
* 135 170 87
+ 162 224 43
* 118 186 89
+ 96 99 51
? 5
+ 5 23 19
+ 46 145 48
+ 2 175 13
+ 34 175 17
+ 2 194 17
* 18 107 24
? 229
* 84 123 26
* 201 211 56
+ 70 143 46
* 59 68 17
+ 90 198 61
* 62 130 19
+ 1 166 90
? 206
+ 166 184 71
? 86
* 130 176 79
* 20 202 2
? 74
* 61 204 26
+ 65 151 56
+ 47 172 19
? 37
* 57 96 74
? 235
+ 126 216 48
? 50
+ 125 167 51
+ 34 126 9
+ 133 193 26
* 127 192 76
+ 50 99 60
+ 15 240 65
+ 50 60 64
* 37 93 46
+ 32 130 83
* 51 235 52
+ 97 217 91
* 17 23 100
? 198
+ 18 100 82
* 143 226 34
+ 23 159 95
+ 149 214 20
+ 168 176 90
? 57
+ 97 170 71
+ 80 190 36
* 203 210 33
* 64 169 39
+ 88 213 47
+ 104 187 50
* 56 211 69
* 47 79 60
* 157 195 99
? 209
? 236
+ 12 199 18
? 217
* 68 163 14
+ 8 81 43
* 161 177 100
* 28 228 55
* 162 196 17
+ 65 147 70
* 154 158 16
+ 20 110 34
+ 144 221 98
* 7 122 48
+ 110 215 74
* 70 112 5
? 193
+ 40 111 38
* 10 17 44
+ 147 155 82
* 102 200 96
* 71 77 72
+ 101 181 35
? 46
* 30 85 12
? 159
? 109
? 162
? 63
+ 82 187 36
* 4 125 47
* 167 221 34
* 199 212 59
* 20 210 11
* 176 179 16
? 162
+ 24 108 83
+ 2 239 33
+ 180 205 40
+ 131 142 41
+ 34 81 97
? 212
* 84 93 16
* 152 200 56
+ 111 149 61
+ 37 161 36
? 164
* 12 167 4
* 36 44 91
+ 50 143 28
* 59 122 31
? 142
* 106 143 38
* 20 227 50
? 153
+ 40 224 53
+ 10 127 64
* 169 191 88
+ 86 168 23
* 68 157 23
? 177
+ 173 199 22
* 77 153 59
* 48 89 72
+ 36 52 55
+ 52 145 82
? 85
? 74
+ 94 114 65
+ 141 167 31
* 165 236 85
* 201 235 11
* 70 153 92
+ 14 162 93
+ 171 201 43
+ 1 148 77
? 109
+ 145 209 1
* 35 67 8
+ 89 150 8
* 1 236 70
+ 122 172 74
* 81 100 94
* 43 78 73
? 142
+ 48 213 21
? 62
+ 133 173 46
+ 54 108 36
+ 83 180 60
* 113 223 31
* 166 203 1
+ 59 173 68
* 193 238 65
+ 137 171 91
* 150 198 42
? 236
? 73
+ 134 226 40
+ 59 90 18
* 149 224 21
? 114
? 218
+ 62 141 38
+ 99 122 27
+ 134 217 71
+ 19 39 32
* 20 77 51
? 218
+ 20 61 49
* 3 56 42
+ 3 131 25
+ 11 11 100
* 15 198 61
? 146
* 87 186 39
? 106
* 63 172 54
+ 144 158 40
? 20
+ 30 102 39
+ 139 148 3
* 52 53 42
+ 3 73 54
* 9 218 87
+ 182 182 98
* 97 215 34
+ 66 156 38
+ 21 154 35
+ 49 199 64
+ 72 80 62
+ 59 100 7
* 60 153 18
+ 76 220 85
* 187 210 81
* 81 222 87
+ 77 221 78
+ 13 91 17
+ 49 240 74
* 164 165 61
? 221
? 119
+ 30 151 15
* 38 212 29
+ 202 225 78
* 107 156 80
* 27 68 65
+ 196 217 80
* 117 153 59
* 115 210 9
* 43 236 94
+ 10 94 77
? 164
* 34 63 80
? 123
* 184 217 44
+ 73 123 40
* 93 234 75
+ 19 71 23
+ 64 228 36
+ 202 212 86
+ 38 172 14
? 137
+ 81 126 11
+ 140 195 39
+ 74 161 45
+ 120 155 46
* 71 129 43
* 204 227 12
+ 39 204 47
* 223 229 15
+ 44 128 19
? 99
* 14 49 85
+ 167 168 40
+ 24 29 16
+ 24 239 67
* 113 189 71
? 157
? 17
* 20 108 34
* 187 230 2
* 19 27 44
+ 209 226 25
* 31 115 73
+ 71 171 76
+ 106 116 7
+ 2 8 35
* 134 196 99
* 64 219 99
+ 10 103 97
* 57 162 95
+ 126 204 29
* 165 166 12
* 24 140 54
+ 218 226 29
? 197
+ 166 207 25
? 199
* 56 159 82
* 19 217 33
+ 45 53 46
+ 94 212 92
? 94
* 63 217 95
? 73
+ 97 142 70
+ 84 199 12
* 136 185 80
+ 144 223 57
+ 97 202 64
* 80 132 28
? 36
* 128 177 36
+ 27 175 36
+ 29 192 87
* 53 81 24
* 62 225 85
* 100 196 81
+ 73 168 37
+ 54 219 49
+ 79 210 16
? 226
+ 150 203 36
+ 97 174 31
+ 23 173 61
* 41 160 77
+ 163 182 57
+ 6 72 7
+ 12 84 24
* 87 143 67
* 199 228 84
+ 11 153 11
* 110 161 8
+ 9 187 29
+ 111 142 33
* 96 226 51
* 82 183 11
+ 30 93 92
+ 129 156 67
? 97
* 43 213 54
+ 137 215 57
+ 4 70 97
+ 19 139 8
+ 57 95 66
+ 13 193 50
* 23 117 49
+ 37 232 3
+ 15 116 64
+ 194 235 33
* 163 191 79
* 82 144 48
* 60 204 87
* 133 216 65
+ 60 114 61
* 9 35 30
+ 2 134 97
* 152 185 17
* 127 160 99
? 111
+ 198 224 36
+ 57 69 89
+ 118 178 10
+ 140 171 7
+ 43 99 54
+ 100 213 16
+ 26 153 62
* 48 162 24
? 150
* 28 156 68
+ 136 227 72
+ 103 235 100
+ 80 188 2
* 74 123 78
? 170
? 65
* 163 170 67
* 57 147 56
+ 130 137 40
? 222
+ 64 173 59
* 92 156 97
* 68 167 81
+ 65 142 79
? 233
+ 185 235 2
? 6
+ 10 141 11
+ 4 92 74
* 3 126 87
* 5 55 17
* 62 147 90
+ 56 77 76
* 54 214 53
+ 60 164 90
+ 10 154 93
? 219
* 145 185 62
+ 70 215 39
* 12 75 70
* 200 223 93
? 235
+ 23 191 11
+ 27 158 71
+ 43 167 83
? 18
+ 94 101 6
+ 12 201 57
+ 89 189 66
* 148 204 88
* 46 172 71
+ 53 122 11
+ 35 209 59
? 11
+ 80 212 72
* 42 181 61
* 43 144 90
* 147 182 39
? 71
* 13 138 54
* 99 170 91
* 112 131 77
* 111 138 67
+ 101 207 38
* 56 218 51
* 139 163 66
? 57
+ 98 156 6
+ 197 206 47
+ 50 197 12
? 150
* 46 209 96
? 88
+ 11 72 80
* 77 84 38
+ 95 149 98
+ 35 230 92
? 207
* 153 217 29
* 87 222 81
? 104
* 93 204 48
* 71 218 27
+ 199 214 68
? 37
* 31 70 60
+ 53 54 57
+ 9 49 90
? 102
* 150 173 79
+ 69 85 50
* 135 190 43
+ 33 237 97
* 22 92 95
* 203 228 12
? 100
* 62 144 83
+ 4 40 16
+ 186 217 67
+ 76 83 84
* 69 127 15
* 90 163 39
* 36 150 62
* 29 124 19
* 8 15 29
+ 48 118 61
+ 37 168 59
+ 22 118 88
+ 7 88 32
* 77 155 77
+ 32 221 21
* 107 127 84
* 196 206 79
? 151
* 28 44 60
+ 179 182 24
* 32 183 13
+ 131 136 12
* 48 170 27
? 13
+ 4 80 67
+ 90 100 73
+ 48 106 44
* 26 177 89
? 73
* 77 207 53
+ 113 137 27
* 190 203 76
+ 29 115 23
+ 107 163 39
* 15 82 32
* 35 55 31
+ 71 236 87
+ 14 157 15
? 133
+ 162 188 78
+ 5 144 15
* 176 211 22
+ 231 237 16
+ 39 65 20
+ 158 208 11
? 214
+ 33 127 40
+ 65 108 69
* 29 132 27
? 137
* 35 215 86
+ 49 141 74
+ 144 206 67
* 113 158 50
+ 169 175 81
? 66
+ 198 206 51
* 45 91 63
* 11 176 1
? 13
* 111 240 12
* 6 122 81
? 154
+ 11 215 56
* 29 149 50
? 111
+ 99 234 83
+ 78 133 61
* 9 120 22
? 110
+ 38 60 21
+ 45 112 7
* 17 64 92
* 13 130 2
+ 75 204 19
? 84
* 28 196 34
* 185 223 44
+ 96 209 72
* 27 220 35
* 107 136 13
+ 56 235 92
* 95 224 21
* 117 165 10
? 107
* 75 160 15
? 186
+ 87 140 72
+ 200 229 34
? 140
+ 211 235 71
+ 11 147 28
* 156 186 3
* 132 234 66
? 143
+ 49 90 22
* 49 159 32
+ 39 42 18
? 186
+ 17 64 85
+ 3 82 16
+ 36 186 91
* 132 173 53
+ 30 41 40
+ 138 213 94
* 19 43 40
* 63 102 93
* 111 176 43
+ 45 99 67
+ 37 132 65
+ 18 87 11
* 15 43 42
+ 1 216 87
+ 76 82 81
* 27 67 24
+ 19 121 62
* 8 121 86
* 93 229 79
? 118
+ 50 206 8
? 4
+ 102 212 49
+ 181 196 4
* 58 173 16
+ 14 46 19
* 128 141 79
* 101 142 95
? 16
+ 45 118 44
* 18 51 89
+ 74 147 96
* 10 73 54
* 36 201 48
* 59 89 71
+ 94 169 79
* 75 147 45
* 120 179 3
+ 55 67 55
* 60 212 27
* 82 207 34
+ 88 232 56
+ 44 123 81
+ 37 186 22
+ 96 126 37
* 1 48 68
+ 3 187 86
? 10
+ 1 176 12
+ 88 207 97
* 122 193 45
* 44 202 58
+ 31 206 49
* 15 234 48
+ 9 175 29
* 65 126 44
* 107 128 38
* 74 166 36
* 19 133 1
+ 53 213 27
* 7 40 58
* 106 125 20
+ 16 220 85
+ 138 186 80
* 3 83 53
? 41
? 140
* 212 234 24
+ 4 194 28
? 105
+ 121 178 56
* 5 51 60
+ 24 215 55
* 101 201 29
* 183 220 54
+ 87 144 75
+ 184 186 72
* 32 169 98
* 90 180 12
+ 47 68 63
? 3
+ 94 161 7
+ 23 122 82
? 80
* 61 132 71
+ 26 169 50
* 137 156 59
* 76 127 78
* 46 50 69
* 110 124 35
+ 142 207 27
+ 68 190 98
* 64 110 93
* 192 218 44
+ 125 131 11
+ 108 130 1
+ 38 147 29
+ 12 46 24
* 93 200 44
* 96 121 62
? 177
* 67 169 65
+ 38 52 67
* 142 216 60
* 11 185 23
* 27 135 27
+ 111 142 54
* 17 54 70
+ 160 161 23
+ 73 218 36
+ 99 115 86
+ 81 163 80
* 13 58 95
+ 76 156 31
* 176 216 78
* 132 227 97
+ 46 211 45
+ 58 229 37
* 26 221 32
* 186 230 56
+ 123 181 53
* 85 161 30
+ 144 176 28
+ 82 150 71
+ 10 170 92
* 179 192 98
+ 223 240 41
? 29
* 61 74 45
? 122
+ 214 231 52
* 1 61 3
* 16 217 76
+ 43 152 41
* 68 182 97
+ 22 96 5
+ 55 228 17
? 95
+ 95 172 91
? 187
+ 12 225 93
* 147 156 12
* 142 202 17
+ 12 144 100
? 40
* 46 189 72
* 42 178 34
+ 18 225 25
+ 5 12 62
+ 163 223 55
+ 59 158 65
+ 130 181 12
+ 26 167 51
? 17
+ 113 216 4
+ 128 189 45
+ 49 68 39
? 78
* 19 84 18
? 7
+ 114 174 16
? 3
+ 135 227 70
+ 50 218 30
* 17 171 30
* 226 239 91
+ 31 72 56
? 117
? 212
+ 19 201 10
+ 130 223 7
* 150 175 8
* 157 184 67
+ 32 201 5
* 141 220 57
* 39 114 93
+ 14 223 88
? 157
+ 58 204 26
+ 138 149 41
* 61 200 51
* 10 185 75
+ 27 68 55
* 28 216 22
+ 15 20 52
+ 98 129 28
+ 2 128 82
+ 40 145 74
+ 38 209 12
+ 153 234 30
? 50
? 40
? 167
+ 136 148 70
+ 78 89 4
* 88 158 81
+ 96 201 6
+ 90 161 20
+ 155 215 83
+ 20 25 73
* 74 75 93
* 89 180 22
+ 16 133 22
* 84 171 52
+ 101 173 52
* 92 117 4
? 190
? 126
? 143
* 195 215 2
* 3 70 86
+ 65 189 33
+ 175 198 45
+ 41 115 14
* 4 219 100
* 85 160 71
+ 42 183 65
* 19 109 69
+ 110 240 78
* 36 187 78
* 74 185 30
+ 64 106 7
* 1 222 90
? 141
* 13 121 58
+ 130 181 21
* 162 199 49
+ 214 239 51
* 95 186 15
+ 43 108 52
+ 27 129 72
* 46 158 96
+ 128 204 43
+ 77 210 28
* 166 196 11
+ 57 78 53
+ 7 211 78
+ 22 51 20
* 21 212 8
? 76
* 84 152 96
+ 93 110 81
+ 70 155 67
+ 25 96 11
* 11 54 14
* 12 225 27
* 103 196 4
+ 11 94 65
* 123 155 60
* 53 129 69
? 224
* 22 235 69
? 119
* 50 200 98
+ 167 220 8
* 154 194 46
* 33 86 73
* 63 234 49
* 83 207 45
? 178
+ 57 137 87
? 223
? 131
* 84 185 26
* 183 207 53
+ 185 207 60
* 51 162 36
* 87 115 57
* 20 126 38
* 18 105 85
+ 57 185 86
* 55 136 25
* 8 237 82
* 11 50 88
* 100 178 42
+ 50 207 3
+ 101 190 30
? 166
+ 93 195 40
+ 53 80 86
+ 108 179 13
+ 26 182 88
* 66 202 21
+ 29 143 72
+ 25 32 32
+ 63 174 28
+ 34 139 5
+ 215 219 89
+ 116 140 11
+ 124 210 66
+ 59 216 1
+ 21 76 9
* 168 215 50
* 126 205 83
* 120 172 63
+ 117 240 41
* 33 50 2
+ 49 108 51
+ 62 171 2
+ 58 200 88
* 43 151 3
* 13 104 73
* 74 176 45
* 56 237 16
? 193
? 240
* 77 123 30
* 157 173 6
? 111
+ 123 161 67
? 194
* 18 211 56
+ 11 124 11
+ 25 37 56
? 226
* 31 225 13
? 95
* 155 217 87
* 105 228 29
* 36 54 75
+ 48 185 63
* 175 182 88
* 127 224 49
* 89 166 87
+ 94 126 86
* 29 47 51
+ 9 203 18
? 159
* 96 101 31
+ 78 145 28
* 194 216 31
* 12 64 34
* 13 170 83
+ 32 158 80
? 240
* 99 208 24
* 8 58 57
+ 82 92 77
* 8 157 28
* 114 157 15
? 31
* 106 177 44
* 129 214 94
? 136
? 137
* 72 100 81
* 192 228 95
? 232
+ 26 180 81
* 12 139 72
+ 52 237 12
+ 26 174 65
+ 136 138 28
* 42 239 75
* 128 145 56
? 203
* 86 126 27
+ 56 178 52
? 229
* 19 34 7
? 194
* 64 186 7
? 202
? 166
* 3 128 51
* 68 209 35
? 123
* 154 224 92
* 10 157 73
* 76 228 7
* 50 167 49
+ 140 204 50
* 70 77 6
+ 55 138 72
* 31 219 84
* 137 231 13
* 53 164 30
* 67 89 4
? 52
* 80 233 47
+ 21 150 99
* 144 149 27
* 146 197 6
+ 62 89 83
+ 129 171 42
+ 86 238 23
* 12 97 98
* 210 218 31
? 131
* 36 108 44
? 169
* 67 194 51
* 36 84 38
+ 1 177 49
+ 125 150 35
+ 2 223 77
+ 50 116 75
+ 74 109 1
+ 20 181 97
* 90 167 49
+ 75 157 11
* 103 237 77
* 66 120 31
+ 26 196 63
* 20 76 52
* 24 211 19
* 17 79 45
+ 32 195 22
? 200
+ 79 144 30
* 87 128 87
* 11 87 100
+ 90 153 38
* 55 116 59
+ 136 194 90
* 103 128 93
* 32 147 88
* 51 168 79
+ 131 205 19
* 60 230 6
* 123 176 23
+ 64 211 10
* 46 209 30
? 16
+ 25 183 59
* 68 149 23
? 127
+ 139 184 73
* 85 178 71
? 94
? 125
+ 154 230 66
* 17 181 86
* 7 168 39
+ 16 182 70
* 32 48 98
+ 50 98 20
* 130 200 1
+ 100 180 7
* 84 204 68
+ 4 133 89
+ 57 161 15
? 53
* 22 200 41
* 32 185 48
* 27 61 14
* 146 189 66
+ 30 209 32
+ 72 149 64
? 89
? 17
* 9 69 55
? 96
+ 123 238 55
? 141
+ 76 218 75
* 138 221 3
* 77 239 90
+ 9 12 74
+ 113 159 75
+ 12 98 59
* 2 116 67
* 12 112 32
? 193
* 29 113 85
+ 28 156 38
+ 121 122 38
* 10 115 28
* 93 142 91
* 82 224 34
+ 62 89 40
* 21 113 31
+ 116 156 46
+ 10 48 17
+ 50 93 78
+ 46 144 77
? 49
? 39
? 87
+ 164 199 96
* 67 163 59
? 154
+ 10 68 100
+ 165 189 11
* 56 200 89
+ 13 211 18
? 83
+ 34 193 45
+ 126 160 42
? 7
* 79 108 14
* 196 219 100
* 1 186 86
+ 152 161 2
+ 206 239 82
+ 90 139 96
+ 113 124 29
* 188 190 95
? 94
+ 47 94 68
+ 216 232 93
? 54
? 62
* 195 200 69
? 6
? 99
+ 110 195 97
* 111 225 74
? 143
? 151
? 132
* 163 164 16
* 28 56 11
+ 100 228 34
* 188 223 58
+ 40 155 56
+ 137 168 10
+ 95 143 89
* 29 197 99
* 22 166 36
+ 57 117 85
+ 153 199 82
? 139
? 154
* 85 154 54
? 194
+ 22 212 21
* 125 142 15
+ 71 136 87
+ 208 218 96
+ 116 146 34
* 39 239 63
* 126 236 4
* 23 129 30
* 12 220 24
* 7 98 23
+ 18 109 17
+ 32 141 44
* 130 237 61
+ 105 155 18
* 138 197 95
? 227
+ 105 193 2
* 39 143 87
+ 168 198 77
* 178 225 75
+ 81 157 67
+ 104 171 54
* 66 143 4
* 74 117 54
* 112 196 96
* 53 131 33
? 220
? 138
? 153
* 84 128 14
+ 68 154 7
? 53
* 49 78 64
* 72 148 60
* 19 25 72
* 59 182 90
* 44 153 49
+ 5 183 33
+ 148 185 79
* 91 194 17
* 69 94 14
* 50 202 89
? 168
+ 18 211 62
* 158 165 47
* 11 227 26
* 20 95 99
+ 220 224 86
+ 28 187 24
* 139 196 74
* 81 234 32
* 15 70 28
* 56 212 27
? 18
? 170
+ 20 162 45
+ 111 175 76
? 209
+ 19 74 69
* 156 186 47
* 174 191 51
* 32 161 8
* 206 222 51
* 145 226 34
* 99 170 14
+ 42 65 79
? 21
? 117
? 206
+ 28 109 98
+ 28 219 61
+ 62 66 96
* 86 92 82
* 87 238 36
+ 145 231 29
* 39 177 11
+ 102 238 25
+ 199 240 39
* 73 87 44
* 194 220 34
+ 44 97 39
* 11 183 53
+ 6 210 11
* 16 106 50
? 92
* 45 164 19
* 25 106 71
* 100 117 93
+ 107 108 72
* 122 149 83
* 18 48 14
+ 105 175 44
? 127
* 104 162 18
* 49 66 24
+ 151 208 7
* 88 154 44
+ 53 110 25
? 87
+ 17 22 45
* 7 42 4
+ 52 183 91
* 138 156 96
? 116
* 35 84 21
+ 3 23 21
* 125 138 48
+ 49 132 50
? 55
+ 5 48 76
* 19 221 97
? 214
* 151 193 15
* 43 89 30
* 99 170 97
+ 29 172 54
* 74 96 76
* 67 225 48
+ 62 200 51
+ 83 229 83
* 23 50 18
? 236
* 24 182 18
+ 93 216 55
? 42
? 128
* 15 200 39
? 121
? 134
* 124 162 19
+ 115 146 70
+ 39 50 45
* 44 139 38
+ 17 130 94
? 235
* 153 168 10
+ 143 206 64
* 68 81 50
+ 59 124 2
+ 20 137 83
+ 53 200 97
? 183
* 14 95 77
+ 31 103 57
* 57 168 35
+ 16 218 41
* 55 73 22
+ 2 126 51
+ 56 163 100
+ 150 214 37
* 195 232 51
? 229
* 4 210 87
+ 213 228 7
+ 8 161 2
* 216 225 51
+ 4 227 84
+ 98 177 96
? 206
? 201
* 200 227 42
+ 200 211 65
? 13
+ 106 228 28
* 11 136 75
* 66 225 100
+ 142 143 49
? 1
* 87 97 62
* 145 170 23
+ 114 168 47
* 74 166 45
+ 90 190 11
+ 105 152 61
? 43
* 139 218 22
? 122
? 13
* 181 212 38
? 208
? 128
* 37 153 18
* 104 200 79
? 81
? 84
+ 61 126 81
* 153 154 28
? 124
* 91 156 16
* 78 204 33
* 92 179 43
+ 15 168 35
* 160 218 6
+ 50 155 28
+ 7 136 54
* 69 138 51
* 37 75 62
* 36 153 19
* 131 219 90
+ 77 92 92
? 121
* 128 208 3
? 148
+ 91 221 45
* 136 166 77
+ 74 195 37
+ 84 202 38
* 152 168 47
* 46 70 100
* 45 170 32
? 61
? 224
* 185 235 46
+ 31 164 46
* 9 37 80
+ 99 159 80
+ 84 177 99
* 57 61 35
* 96 238 87
? 225
+ 20 146 1
+ 11 109 42
* 100 214 89
+ 78 168 78
* 4 230 15
? 1
* 208 214 46
* 31 178 96
+ 38 86 81
* 86 107 26
* 26 184 81
? 174
* 96 164 77
* 17 91 100
* 77 223 36
* 73 235 58
* 115 205 7
* 150 240 12
+ 118 147 71
+ 126 226 50
* 86 169 54
* 116 166 54
* 99 153 11
+ 2 141 98
+ 152 213 85
+ 160 206 92
* 16 195 93
? 171
+ 159 165 68
+ 137 147 20
+ 80 142 22
+ 131 165 100
? 96
? 2
+ 69 197 11
* 194 195 66
* 180 192 11
* 27 97 19
? 110
+ 35 135 38
+ 119 208 56
+ 112 161 27
? 115
* 36 105 19
+ 164 178 37
+ 144 217 79
+ 5 144 6
+ 134 156 81
* 72 201 68
+ 51 127 31
? 95
+ 117 130 89
+ 204 234 40
+ 178 223 20
+ 5 93 99
* 11 181 51
+ 35 74 64
+ 58 199 32
* 57 110 66
? 234
+ 43 227 34
+ 187 199 12
* 58 212 21
+ 108 194 50
* 99 173 70
* 68 151 36
+ 59 225 33
+ 9 143 24
+ 18 192 44
* 86 132 22
* 33 98 30
* 113 230 20
? 129
? 82
+ 124 132 41
* 167 167 99
+ 95 112 28
? 233
+ 64 137 92
* 61 84 24
* 29 240 70
+ 153 239 55
* 53 103 60
* 13 203 15
+ 92 237 15
+ 210 240 57
+ 100 114 29
* 31 154 2
* 138 209 39
+ 192 228 19
+ 38 230 49
? 217
* 59 216 38
+ 145 183 79
* 72 147 4
* 45 159 44
? 146
* 187 225 30
? 205
* 7 170 72
? 239
? 96
? 53
+ 100 198 20
+ 175 219 56
* 22 45 58
* 48 147 5
+ 112 133 82
+ 144 170 71
* 56 193 26
+ 121 183 66
+ 14 192 46
+ 122 126 10
? 85
? 102
+ 22 107 95
* 65 208 12
+ 50 175 73
* 111 163 45
? 97
* 21 222 18
* 18 57 41
+ 59 78 14
+ 179 210 45
+ 11 93 68
* 170 199 93
? 98
? 120
+ 94 203 8
+ 97 171 84
? 83
+ 21 179 82
? 197
* 16 46 72
* 83 85 41
+ 35 90 16
+ 167 228 97
? 203
+ 74 172 78
* 50 118 60
* 5 174 42
? 18
? 93
? 149
* 184 237 47
? 225
+ 172 187 3
? 117
* 81 192 74
? 42
* 63 215 48
+ 190 240 86
+ 51 102 40
+ 54 89 73
+ 102 195 46
* 172 226 8
* 2 87 4
* 105 201 6
+ 219 220 21
+ 192 227 23
? 48
+ 21 110 44
+ 5 115 73
+ 50 234 16
+ 8 172 53
+ 92 154 76
? 140
* 203 219 52
+ 51 233 48
* 44 191 83
* 73 201 59
* 146 179 58
+ 112 232 47
+ 205 214 100
* 89 131 74
+ 102 142 97
+ 53 109 100
? 175
* 21 225 64
? 124
* 109 127 77
? 128
+ 18 81 88
+ 49 170 75
? 27
+ 206 222 20
? 190
+ 101 146 45
* 80 163 40
* 48 152 17
+ 44 102 4
* 209 231 27
* 33 109 57
* 75 130 80
? 47
* 126 162 14
* 21 62 36
* 37 211 81
+ 131 171 65
+ 86 109 73
+ 208 227 13
+ 143 213 44
? 107
+ 40 236 52
* 142 197 49
+ 29 151 36
* 46 82 49
* 52 77 49
? 136
? 146
* 30 94 17
+ 225 234 75
? 14
+ 67 164 54
* 15 102 16
+ 4 106 94
+ 4 180 14
* 140 224 6
* 31 211 56
+ 20 114 68
* 62 67 2
* 39 238 62
* 95 207 43
+ 15 99 82
+ 47 145 54
? 31
+ 34 162 73
? 101
+ 95 162 60
+ 143 235 49
? 77
+ 155 176 24
+ 28 58 11
* 46 225 1
+ 102 230 64
* 126 167 16
* 9 170 34
* 54 136 55
* 46 160 62
+ 82 86 3
* 47 212 85
? 34
* 200 224 52
* 45 80 23
* 35 68 18
+ 116 126 8
+ 67 125 4
+ 71 177 85
? 225
+ 80 217 78
? 168
+ 140 154 86
? 112
+ 75 99 30
? 25
* 48 118 66
+ 77 171 78
+ 35 229 21
+ 83 155 34
* 19 163 69
* 35 135 43
? 41
? 91
* 80 212 39
* 151 237 50
+ 74 106 29
+ 167 169 69
* 81 224 62
+ 93 127 57
* 45 134 8
+ 8 91 85
+ 147 174 47
* 48 177 40
+ 98 127 33
* 91 124 11
+ 43 115 12
* 105 233 47
+ 68 221 35
+ 144 228 54
* 3 225 17
* 198 201 8
? 196
* 110 148 82
* 216 234 81
* 130 240 63
* 178 179 35
+ 71 226 81
? 186
* 57 88 50
? 166
* 43 109 2
+ 57 86 41
* 46 227 57
* 25 218 62
+ 47 67 67
+ 93 183 53
* 134 201 90
* 83 99 69
* 221 228 5
? 18
* 21 235 62
+ 3 128 82
+ 138 174 77
+ 36 171 21
? 230
? 46
+ 33 205 74
+ 111 141 40
? 172
+ 172 207 93
* 94 226 40
* 102 127 72
* 202 212 72
? 116
* 47 141 76
* 89 208 96
* 103 142 36
* 70 208 80
? 70
* 108 166 6
* 29 67 44
+ 112 196 23
+ 103 230 21
+ 103 210 91
+ 114 119 4
+ 28 167 28
+ 96 225 77
? 161
+ 32 184 93
+ 95 134 80
* 122 159 11
* 4 187 48
+ 7 14 23
+ 27 52 64
* 90 222 48
* 19 66 90
+ 218 226 50
+ 78 112 68
+ 34 164 64
? 47
+ 20 211 1
* 83 122 6
* 17 86 92
* 84 110 64
? 34
+ 177 191 83
* 32 150 48
+ 119 156 17
* 19 117 34
? 5
? 49
+ 30 115 49
* 48 182 30
* 195 195 46
+ 161 212 12
? 148
* 38 152 29
* 236 240 7
* 62 126 69
* 35 202 88
* 94 142 79
+ 171 190 89
* 105 228 56
+ 44 163 37
* 43 194 30
+ 174 175 89
? 151
+ 165 200 44
+ 133 219 60
+ 67 124 27
+ 43 57 48
+ 64 70 23
* 157 205 29
+ 103 234 65
* 167 181 51
? 170
* 131 165 83
? 45
+ 120 219 39
+ 3 150 90
+ 156 181 95
* 115 131 66
* 113 123 9
? 149
* 120 216 7
+ 168 239 80
+ 130 214 32
? 154
+ 68 98 48
* 219 231 98
* 124 164 71
+ 50 166 35
* 14 212 12
* 158 217 95
* 69 220 54
+ 9 130 2
* 141 233 60
* 86 220 26
* 25 186 67
* 11 116 42
* 37 77 46
* 102 180 85
? 80
? 145
* 36 87 69
* 22 29 57
? 60
* 70 180 58
? 169
+ 140 226 97
+ 78 162 13
+ 44 198 69
? 166
+ 66 140 40
? 199
? 108
+ 25 77 55
+ 135 140 23
* 76 142 32
+ 219 227 3
* 140 181 10
+ 22 232 86
? 161
* 58 199 94
+ 158 160 27
+ 48 110 27
* 89 105 6
* 89 157 93
* 225 226 83
* 76 82 60
? 191
+ 108 216 74
+ 175 211 20
+ 8 160 15
* 1 155 96
+ 142 212 56
+ 84 191 58
* 5 121 92
* 4 118 16
+ 45 122 78
* 14 215 65
? 193
* 94 150 37
* 152 166 53
? 170
+ 181 239 56
* 72 133 2
+ 169 180 56
* 68 96 58
* 187 220 97
+ 63 142 18
+ 96 215 31
? 89
+ 93 139 62
* 114 229 62
* 26 49 80
* 60 118 82
* 15 240 96
+ 63 130 30
* 156 182 23
+ 42 90 16
+ 4 156 76
* 142 172 54
* 59 66 87
? 63
+ 234 237 31
* 12 191 26
? 104
* 37 98 36
* 19 21 76
+ 100 107 40
* 93 192 98
* 71 115 9
+ 89 111 83
? 175
? 56
+ 80 180 21
? 7
+ 106 231 46
* 29 211 45
* 175 187 92
* 75 226 78
* 65 215 28
+ 67 120 15
* 50 221 35
* 22 86 79
? 30
* 33 216 70
? 107
* 139 199 85
+ 32 139 92
* 27 196 57
* 34 173 74
? 71
* 12 82 87
+ 137 151 58
* 36 81 45
* 105 156 86
* 32 129 77
+ 109 189 25
+ 44 62 21
? 106
+ 128 152 75
* 187 192 73
+ 17 176 59
+ 19 126 75
+ 63 76 77
* 214 218 42
* 60 210 28
* 113 147 21
+ 59 187 10
* 40 207 73
+ 110 217 86
? 10
* 210 223 46
+ 117 168 88
? 135
* 65 94 7
+ 19 127 15
+ 8 224 52
? 189
* 18 161 7
+ 117 128 25
+ 101 240 67
* 46 212 35
* 121 205 66
* 103 121 84
? 132
+ 47 164 57
? 163
? 198
+ 26 170 41
+ 83 212 36
+ 113 230 92
+ 57 144 25
* 44 154 63
+ 24 124 17
+ 19 22 40
? 170
? 215
* 10 84 61
? 33
+ 152 176 11
+ 45 174 14
? 126
+ 22 181 53
+ 43 185 91
* 15 93 13
* 57 158 100
* 111 206 95
? 11
+ 146 164 42
+ 62 173 90
* 12 138 82
? 24
* 47 139 2
+ 191 217 40
* 32 192 64
? 210
+ 76 230 93
* 39 127 57
? 220
+ 125 181 58
+ 52 232 30
+ 59 223 15
? 42
+ 172 210 56
+ 38 52 93
? 220
+ 48 127 11
* 53 186 7
+ 1 232 36
+ 122 212 49
+ 70 124 62
* 74 216 68
+ 34 85 1
? 184
? 141
+ 62 90 35
+ 130 185 99
? 230
? 170
* 74 192 61
* 60 61 56
* 156 161 21
* 58 69 14
* 46 195 36
* 36 43 11
+ 163 199 20
+ 201 211 20
? 176
? 203
* 6 140 4
+ 6 194 51
* 98 133 83
+ 35 211 13
+ 16 136 3
+ 18 154 42
* 98 238 72
* 25 226 86
? 6
* 138 233 81
+ 132 164 7
* 94 96 38
* 2 63 44
+ 61 186 43
+ 129 130 90
? 187
+ 51 234 74
* 156 229 70
* 197 217 89
? 19
* 92 185 29
+ 61 85 6
+ 111 121 59
+ 78 164 80
? 67
+ 155 226 19
+ 91 185 16
+ 79 96 52
* 88 162 90
? 33
+ 12 157 14
+ 45 86 57
+ 130 192 76
? 220
? 202
+ 74 152 93
* 120 130 42
+ 143 194 70
+ 56 157 57
+ 2 76 57
* 56 214 37
+ 199 238 67
+ 80 133 75
* 28 88 89
+ 28 93 70
* 35 179 98
+ 134 137 90
+ 104 212 1
+ 67 161 46
+ 81 202 61
+ 9 14 2
* 18 130 94
* 48 201 88
+ 93 131 46
+ 81 131 55
+ 140 210 6
+ 15 225 32
+ 55 226 20
* 8 132 92
? 237
? 193
* 96 135 2
? 229
* 71 240 18
? 134
+ 77 224 85
* 203 225 72
+ 144 178 47
+ 52 168 58
+ 145 162 7
* 155 190 71
+ 143 197 34
? 145
* 108 125 24
* 122 156 69
+ 152 221 36
* 49 176 94
? 237
+ 91 191 39
* 12 109 37
* 152 233 25
* 81 233 40
* 120 163 73
? 83
+ 116 164 70
? 178
* 135 142 60
+ 7 98 75
+ 46 127 94
* 9 135 56
+ 125 164 98
* 86 185 78
* 23 194 11
* 111 113 61
* 106 135 90
* 115 228 82
+ 180 197 19
* 58 81 46
+ 62 160 8
* 112 156 7
+ 19 118 40
+ 174 207 77
* 8 99 64
* 37 166 57
* 43 56 20
+ 76 121 87
* 100 133 6
+ 63 210 25
+ 172 230 38
+ 3 174 83
* 43 184 4
+ 134 170 66
+ 24 162 42
+ 12 190 77
* 131 146 22
+ 39 236 12
+ 208 216 93
+ 18 137 3
* 105 125 92
* 190 210 94
? 169
? 92
* 26 157 78
* 51 143 68
+ 82 208 25
+ 118 188 75
* 68 125 30
* 22 48 90
* 36 229 49
* 29 109 71
+ 29 150 55
+ 85 193 96
? 136
+ 137 203 40
* 234 237 34
? 97
+ 30 203 15
* 94 158 82
* 15 112 88
+ 131 214 26
* 135 237 35
+ 3 144 55
* 101 174 34
* 6 212 75
+ 13 118 9
? 219
* 65 165 12
+ 119 148 29
+ 152 184 61
? 156
? 189
+ 6 195 9
? 83
? 206
+ 71 184 78
+ 42 232 46
? 111
+ 104 197 25
* 40 109 100
? 43
? 64
? 79
? 177
* 99 179 19
+ 110 226 50
? 170
* 55 111 12
+ 23 147 31
* 33 80 35
+ 140 173 93
? 190
* 18 21 85
+ 41 107 46
+ 213 221 6
+ 52 92 40
* 11 170 88
+ 99 224 94
+ 53 178 79
* 115 133 28
* 39 111 88
? 140
? 179
+ 193 228 8
+ 79 220 45
* 204 213 97
? 132
? 189
* 148 194 48
* 145 147 4
+ 218 219 60
? 157
* 136 204 48
? 236
? 183
* 29 186 84
* 11 35 56
? 139
* 14 174 12
+ 69 131 20
* 90 187 99
* 189 212 69
* 177 207 90
+ 24 145 62
+ 18 168 43
+ 106 131 79
+ 103 190 99
* 168 176 63
* 131 132 50
? 161
* 172 184 71
+ 176 210 30
* 193 210 41
+ 155 188 46
? 235
* 78 96 23
+ 114 135 76
? 169
* 22 157 22
+ 161 221 30
* 11 160 95
? 57
? 65
* 15 217 74
+ 81 168 77
* 142 184 42
+ 98 190 15
+ 96 110 34
* 71 184 97
* 134 188 28
* 109 133 81
+ 13 62 4
* 47 173 65
? 122
* 21 232 63
? 204
? 112
* 171 217 76
* 36 157 62
+ 63 116 54
* 12 69 28
+ 35 133 54
+ 2 229 72
* 80 142 33
+ 42 233 86
+ 56 176 81
* 41 232 13
* 26 195 9
* 108 195 74
+ 98 150 5
* 2 187 46
* 2 51 48
+ 63 172 74
? 54
+ 80 170 50
* 209 230 43
+ 16 112 4
? 129
+ 54 195 92
* 3 82 56
+ 11 231 17
+ 135 166 25
* 54 176 7
* 63 99 15
? 213
+ 60 138 77
+ 38 117 43
+ 86 153 12
+ 18 112 72
* 59 159 92
* 162 213 4
* 73 143 43
* 179 189 52
? 223
? 16
+ 155 196 91
? 179
+ 13 98 77
+ 131 158 1
+ 5 66 65
+ 83 193 33
* 11 223 51
* 27 90 22
* 107 174 29
* 21 46 31
* 213 222 29
+ 42 130 29
* 37 145 68
* 84 114 14
? 190
* 118 236 87
+ 7 198 52
+ 70 105 92
* 70 173 14
+ 50 129 34
* 140 159 29
* 113 215 70
+ 105 224 12
+ 174 211 27
* 178 221 82
? 62
* 62 161 66
+ 117 134 58
+ 138 145 36
? 121
* 227 229 54
* 29 190 13
? 42
? 104
? 96
? 61
+ 11 62 24
+ 82 84 88
+ 9 28 30
* 83 144 4
+ 7 237 56
+ 36 59 68
+ 90 218 16
+ 134 186 5
+ 146 232 3
+ 51 163 53
+ 123 167 14
+ 116 210 4
+ 18 240 59
* 139 168 78
+ 42 232 94
* 212 224 63
? 238
+ 115 120 36
+ 220 226 84
+ 173 235 15
* 73 87 37
+ 38 140 51
+ 81 107 30
+ 92 96 96
* 149 204 4
+ 133 138 83
* 11 15 6
? 169
? 160
+ 18 35 4
* 40 160 15
* 114 178 56
* 20 187 65
* 68 143 95
+ 193 237 69
? 5
? 174
+ 32 82 49
* 95 142 2
+ 150 217 69
* 49 68 76
+ 70 92 70
+ 78 161 35
? 199
? 154
* 88 128 62
* 7 186 43
+ 86 190 75
* 55 63 53
* 49 213 54
* 39 176 87
+ 176 215 58
? 165
* 43 132 46
? 82
* 83 104 70
* 113 194 28
? 38
* 146 213 44
? 96
* 173 205 85
+ 86 188 15
+ 15 78 41
* 129 161 10
* 67 151 76
* 119 202 56
* 164 213 92
+ 128 181 39
+ 145 177 54
+ 58 90 91
+ 179 185 13
? 200
? 179
* 107 145 7
* 5 107 29
? 15
? 233
* 118 232 50
* 132 197 3
* 48 156 53
? 226
+ 67 205 73
+ 11 159 63
+ 159 221 37
? 98
* 133 176 64
+ 144 205 70
* 110 113 90
+ 122 216 48
* 64 147 89
+ 60 101 92
+ 5 104 71
* 18 203 71
+ 139 139 96
* 29 135 50
* 2 146 7
* 141 222 76
+ 87 187 7
* 62 126 60
* 134 223 75
? 142
* 36 133 8
? 6
* 102 128 89
? 18
* 76 131 30
* 4 182 27
+ 12 182 40
+ 23 72 18
+ 32 120 16
+ 38 117 4
* 2 27 31
* 10 83 58
? 170
+ 203 223 38
* 54 181 55
* 26 159 21
* 89 180 42
? 78
+ 157 180 53
* 68 169 20
* 76 214 8
* 142 176 100
* 46 158 9
? 6
+ 17 126 70
+ 169 221 13
* 116 213 26
? 89
* 30 90 77
* 38 42 18
+ 93 215 78
+ 106 183 99
? 111
? 195
+ 168 203 28
+ 101 230 33
+ 29 150 100
+ 199 216 6
* 13 67 50
+ 81 231 33
* 74 155 11
* 74 154 30
+ 40 166 96
* 6 109 91
? 31
* 44 184 29
* 39 71 71
* 116 138 90
? 83
+ 21 220 77
* 127 233 93
+ 137 236 97
* 12 85 90
+ 52 190 42
* 120 169 53
+ 54 82 75
+ 56 122 83
? 162
* 58 73 49
* 91 113 83
+ 52 217 29
* 89 133 21
+ 94 169 35
+ 182 226 7
+ 32 40 66
* 2 52 3
+ 4 28 14
* 12 213 40
+ 105 219 34
+ 60 163 40
+ 214 233 5
* 20 190 63
* 140 168 83
+ 118 150 83
+ 48 145 22
+ 124 196 34
* 208 227 1
? 227
* 6 54 24
? 194
? 23
* 172 216 7
+ 75 116 80
+ 175 195 63
* 29 189 36
+ 168 223 32
+ 133 158 68
* 161 199 44
+ 82 133 98
* 167 219 79
+ 2 78 67
* 8 193 24
* 61 89 78
+ 146 201 93
+ 115 202 12
+ 70 135 44
+ 2 166 89
+ 21 81 2
* 57 114 65
* 149 180 57
* 75 110 50
* 105 215 3
* 51 153 3
+ 14 89 84
* 100 216 93
+ 49 216 67
+ 155 164 41
? 21
+ 175 237 91
* 73 108 92
* 145 187 9
+ 144 218 62
+ 120 169 35
+ 38 220 1
? 72
+ 44 119 92
* 171 209 92
+ 167 238 19
+ 109 116 52
* 1 183 16
+ 27 137 12
+ 119 217 34
+ 113 190 54
? 110
+ 17 36 57
* 5 41 70
+ 130 201 91
+ 208 231 37
* 45 183 35
* 19 104 77
+ 36 227 51
* 115 239 5
+ 134 147 43
* 57 210 47
? 166
+ 34 220 32
* 155 213 83
+ 70 119 65
* 175 230 88
* 1 180 26
* 154 176 38
? 175
+ 80 192 46
+ 165 238 46
+ 4 216 40
+ 50 188 14
* 155 185 37
* 23 152 70
+ 37 171 25
? 151
* 60 187 44
* 7 113 87
? 34
? 190
? 106
* 82 211 64
* 62 185 46
+ 11 183 40
+ 66 144 3
+ 1 103 50
* 118 195 58
+ 13 102 81
* 85 101 2
? 87
? 121
+ 148 205 80
+ 50 143 10
* 159 198 90
* 162 198 49
? 50
+ 117 135 88
+ 71 237 52
* 11 123 4
* 178 181 15
? 11
+ 85 128 4
* 169 204 64
+ 15 120 54
* 58 82 68
? 68
? 189
+ 31 127 9
* 61 141 18
? 184
* 114 225 72
? 211
* 56 77 21
+ 34 49 13
? 223
* 194 221 32
+ 65 140 91
+ 142 204 11
+ 98 222 42
* 150 179 54
? 227
* 161 177 23
* 124 216 72
? 60
* 57 136 5
? 108
? 178
? 180
? 238
* 110 176 55
* 175 210 61
+ 44 93 77
* 46 96 7
? 215
* 106 194 70
* 20 151 13
+ 126 214 52
* 202 214 100
+ 151 155 62
? 118
* 13 108 72
+ 190 217 51
* 14 238 12
+ 130 203 24
* 77 173 42
+ 8 172 9
+ 28 198 91
? 208
* 29 239 73
* 1 30 15
? 130
* 62 205 33
? 98
* 30 186 97
+ 90 226 93
? 57
? 194
+ 65 99 62
* 128 240 98
? 216
* 28 217 30
* 23 131 22
* 41 167 10
* 70 158 73
* 13 118 36
* 15 232 15
+ 129 199 31
+ 88 190 60
* 67 97 82
+ 150 179 69
+ 76 192 50
* 90 181 40
+ 194 205 100
* 157 232 65
* 97 98 18
+ 60 229 72
+ 61 236 5
+ 42 202 8
? 48
+ 125 189 51
+ 14 217 26
+ 202 214 92
+ 43 70 22
+ 21 118 91
+ 107 144 95
* 41 59 5
+ 142 188 95
* 80 240 77
+ 11 25 7
* 76 233 42
* 75 193 86
? 15
* 58 74 95
+ 142 190 97
* 154 156 71
* 195 219 91
? 166
* 195 215 43
* 176 181 34
+ 63 135 41
? 148
* 125 158 16
* 28 185 27
+ 155 182 98
* 16 193 15
+ 70 107 59
* 25 125 44
+ 56 104 4
* 196 238 1
+ 35 228 61
* 29 161 91
* 61 62 26
* 169 216 2
+ 16 167 7
? 137
+ 44 134 39
+ 20 93 47
* 48 171 42
* 175 182 55
? 222
* 32 46 39
+ 93 142 81
+ 38 44 98
? 130
* 157 190 51
+ 135 223 56
* 47 169 22
+ 69 193 30
? 210
+ 119 188 86
* 115 143 33
? 64
? 77
+ 37 83 26
* 144 198 98
* 21 170 33
+ 106 142 2
+ 80 146 73
* 67 199 76
* 57 117 49
+ 57 85 75
+ 18 104 62
+ 79 116 89
+ 54 187 54
+ 18 169 44
* 20 117 92
+ 102 169 82
+ 33 111 30
+ 85 240 65
* 19 231 41
+ 18 72 79
+ 18 214 6
+ 53 99 67
? 68
+ 163 212 99
+ 50 173 59
+ 42 158 54
+ 142 165 8
? 227
* 111 112 7
? 229
+ 142 222 66
* 55 163 2
+ 38 158 27
+ 109 114 28
* 109 118 38
? 92
* 108 127 31
+ 47 212 38
* 85 112 28
+ 123 205 1
* 46 134 53
? 124
+ 109 184 54
? 183
* 156 223 63
* 138 155 23
+ 88 112 86
? 20
* 18 65 82
* 46 157 49
+ 44 182 43
+ 127 217 92
* 23 186 10
+ 56 77 19
* 144 208 97
? 58
+ 86 89 27
+ 102 222 82
+ 21 84 46
* 146 228 80
+ 215 231 74
+ 78 222 70
+ 68 92 39
+ 180 228 79
+ 9 94 22
+ 23 73 35
* 121 156 7
+ 132 237 43
? 138
* 23 101 99
+ 46 229 55
* 206 240 82
* 26 36 69
* 128 196 30
* 60 213 62
* 146 210 18
* 121 139 60
? 205
* 42 61 26
+ 69 201 99
? 136
+ 33 154 58
+ 7 40 12
? 184
* 108 194 83
? 184
* 42 225 21
+ 41 193 69
* 59 113 53
+ 196 218 74
* 74 129 96
? 82
? 80
+ 190 220 24
* 148 214 24
+ 111 173 32
? 165
+ 232 232 43
* 148 193 88
+ 65 203 10
+ 61 137 28
* 73 187 68
+ 60 230 97
? 5
+ 220 236 91
+ 208 215 44
? 170
+ 43 45 55
* 207 238 49
+ 147 226 6
? 234
? 140
? 80
+ 107 230 40
+ 69 195 64
+ 158 158 44
+ 34 175 42
* 168 187 65
* 158 187 70
+ 51 98 20
+ 6 217 42
? 90
+ 67 120 86
* 180 186 1
* 7 116 47
? 33
+ 58 141 9
+ 172 191 75
+ 115 128 37
+ 15 30 63
* 159 228 80
+ 131 148 63
+ 102 193 73
+ 154 220 74
+ 134 167 38
* 130 136 78
* 38 139 66
+ 183 189 40
* 134 139 13
* 143 211 60
? 230
+ 166 235 41
+ 81 162 44
+ 21 167 93
* 81 153 98
? 47
? 145
? 196
+ 55 215 56
* 161 171 21
+ 146 183 29
* 81 129 81
+ 7 193 59
? 165
+ 141 222 29
* 134 135 50
* 127 222 41
* 7 19 44
* 144 239 54
+ 60 124 76
+ 125 146 91
? 83
* 88 147 26
? 1
* 53 59 46
? 68
* 150 211 10
* 9 91 88
* 85 229 42
+ 189 199 3
+ 38 217 58
* 82 183 93
? 206
+ 58 228 10
+ 32 139 43
? 224
? 144
+ 102 114 8
+ 55 137 68
+ 141 235 74
? 73
* 60 99 45
* 29 237 11
* 43 221 37
* 162 165 42
* 12 37 66
* 92 172 65
* 80 223 24
* 92 152 62
+ 134 153 93
? 72
? 234
+ 41 186 18
+ 107 220 9
* 153 235 55
+ 8 31 1
* 54 232 65
* 2 6 24
? 110
* 22 22 96
? 128
+ 38 123 31
+ 81 178 52
* 77 193 98
* 76 124 58
+ 59 109 91
? 192
* 222 232 99
* 1 43 24
* 233 236 16
+ 105 112 26
* 102 109 89
? 210
+ 5 10 62
? 231
+ 103 117 87
* 120 236 35
+ 42 114 54
+ 29 117 15
+ 59 62 68
* 98 185 19
* 125 174 45
+ 142 196 85
+ 87 95 79
* 65 201 52
+ 1 5 9
? 76
+ 20 142 9
+ 63 104 20
+ 69 174 80
? 27
+ 77 239 14
* 8 105 21
* 57 121 39
* 51 61 16
* 230 232 68
+ 48 202 93
+ 62 185 84
+ 72 204 62
? 53
* 40 110 50
* 73 200 10
* 52 159 38
+ 59 157 85
+ 180 229 46
+ 129 137 63
+ 35 111 25
* 92 157 56
? 35
* 69 198 100
+ 96 213 95
+ 131 187 96
? 132
+ 57 229 5
? 174
+ 176 202 21
+ 34 44 52
* 80 222 40
* 14 237 95
? 185
+ 90 156 95
+ 37 190 70
+ 157 163 61
+ 22 214 62
* 155 237 16
+ 77 133 70
* 104 140 85
* 123 198 21
* 96 203 87
+ 84 228 67
* 60 199 34
+ 99 147 71
? 47
? 56
+ 142 142 79
+ 108 158 57
? 226
+ 47 70 70
? 203
* 114 228 39
* 1 162 50
? 89
+ 102 165 25
+ 135 217 66
+ 77 110 44
+ 197 229 99
? 57
* 148 191 56
* 73 185 100
+ 63 96 83
? 197
+ 88 94 27
* 61 240 97
+ 186 214 14
* 161 164 63
* 1 47 34
* 7 129 81
+ 44 45 11
+ 99 155 85
? 156
* 60 101 18
* 33 82 100
? 129
+ 93 128 54
? 180
* 79 95 11
* 70 103 8
+ 65 222 70
? 174
* 79 162 84
? 162
* 14 194 42
+ 184 205 12
+ 85 160 36
* 12 39 6
* 138 234 68
* 30 177 22
? 3
* 69 111 33
+ 45 137 19
* 15 59 58
+ 115 137 98
? 125
* 26 195 53
* 76 235 58
? 144
+ 217 225 39
+ 82 210 89
+ 58 81 55
+ 169 223 74
? 194
+ 27 148 84
* 6 235 64
+ 8 140 99
* 94 180 32
* 65 164 36
+ 99 124 64
+ 85 215 86
? 188
? 115
+ 159 223 86
* 19 190 49
* 59 136 97
+ 154 202 6
? 197
+ 120 154 24
+ 20 26 12
+ 50 169 52
+ 53 230 63
* 154 178 43
+ 196 225 27
+ 49 125 69
? 82
? 26
? 79
+ 157 240 78
* 39 130 58
+ 68 112 60
+ 64 67 5
* 30 123 54
* 21 39 37
* 151 210 36
+ 102 143 48
* 100 126 52
+ 30 176 73
+ 75 178 72
* 15 208 87
* 154 167 14
? 139
? 224
+ 59 128 24
+ 20 36 71
* 65 204 58
? 96
+ 63 206 65
+ 10 118 63
* 57 113 87
* 18 185 34
+ 177 190 96
* 151 180 4
+ 81 94 87
* 71 128 61
* 14 148 1
* 16 218 66
* 175 231 21
? 72
+ 68 222 68
* 60 133 2
* 164 223 69
+ 28 62 35
+ 96 125 64
+ 74 220 12
* 13 110 44
* 137 164 48
+ 87 154 81
* 69 222 12
+ 141 146 45
* 7 47 12
* 71 176 5
? 174
? 47
* 37 223 35
+ 26 141 84
* 72 91 94
+ 116 135 13
+ 117 131 54
* 84 118 1
+ 61 151 69
* 31 95 89
? 176
+ 26 158 65
* 100 165 78
+ 94 143 91
? 227
+ 74 229 59
? 142
+ 44 119 90
+ 31 86 23
+ 27 39 87
* 101 196 29
+ 107 197 90
* 16 75 15
+ 48 201 69
+ 127 206 76
* 87 102 79
* 134 156 29
+ 91 93 70
* 26 48 23
* 11 13 28
? 131
? 99
? 196
+ 6 58 25
+ 44 59 35
* 9 238 98
* 163 189 51
? 24
* 115 172 66
+ 121 220 53
* 92 138 97
+ 81 199 98
* 35 186 37
* 45 52 55
+ 202 223 21
+ 26 220 78
+ 6 167 51
+ 132 234 69
+ 116 127 29
* 217 240 32
+ 5 150 54
* 40 227 95
* 14 214 62
+ 32 87 53
* 35 179 55
+ 31 75 61
+ 67 72 90
* 16 165 14
* 29 92 57
? 47
+ 6 107 66
* 59 116 75
* 158 226 11
? 101
* 17 205 76
+ 3 34 71
+ 13 44 78
? 161
+ 89 194 79
+ 17 188 100
+ 78 182 47
+ 88 183 54
+ 127 136 31
+ 16 146 56
+ 71 132 79
? 15
* 31 233 24
+ 8 121 67
+ 67 168 86
+ 144 162 33
+ 50 108 45
? 232
? 9
+ 102 179 93
+ 134 141 75
? 119
? 202
* 4 220 62
* 37 187 84
+ 108 124 41
? 5
+ 106 222 62
+ 84 195 81
+ 41 169 67
* 23 182 34
* 162 162 73
+ 49 179 9
+ 26 142 35
+ 22 154 97
* 95 131 48
+ 60 179 67
+ 106 114 52
? 105
+ 155 181 3
+ 144 211 36
* 158 189 46
* 12 228 97
+ 44 128 19
* 29 232 19
? 193
+ 3 5 59
+ 101 229 59
+ 36 122 58
? 133
* 69 143 20
* 5 29 65
+ 92 121 84
* 58 232 98
? 205
+ 169 227 82
* 54 57 33
? 234
* 100 218 68
* 36 76 19
? 91
* 8 149 41
* 50 190 12
* 24 173 40
? 88
* 151 167 41
? 170
* 69 117 83
* 67 135 20
+ 35 158 25
+ 33 108 42
+ 16 200 99
+ 1 103 79
? 136
+ 105 204 71
* 46 237 78
* 35 240 57
? 144
? 178
? 74
+ 164 171 19
* 207 217 8
? 125
* 110 227 99
? 155
+ 74 235 50
+ 13 158 19
* 41 79 19
+ 153 175 88
* 10 170 66
* 175 227 43
+ 73 196 20
+ 9 194 8
* 103 157 29
* 48 239 81
* 12 180 10
* 124 177 83
* 16 212 20
+ 10 235 19
* 112 239 1
* 9 170 53
+ 192 205 78
* 82 234 96
? 221
+ 19 65 30
* 76 180 58
? 179
* 6 237 74
? 150
* 6 114 2
+ 87 100 93
* 37 132 69
+ 50 90 33
+ 79 85 88
* 63 113 33
* 7 89 13
* 10 29 56
+ 60 165 59
+ 37 108 96
+ 17 83 96
+ 46 203 32
+ 36 239 97
+ 113 193 27
+ 8 89 23
+ 129 186 56
* 79 153 45
* 82 115 85
+ 123 204 17
+ 131 187 79
+ 85 153 89
+ 28 136 80
* 7 148 50
+ 1 106 60
+ 93 179 74
* 100 136 39
* 181 235 84
+ 16 86 93
+ 24 57 84
? 48
+ 26 193 23
? 46
* 30 107 100
* 9 185 9
* 8 209 65
* 1 94 89
? 210
? 184
* 195 209 47
? 112
* 217 218 47
* 147 155 37
+ 149 166 10
* 182 227 29
* 133 155 38
* 25 104 48
? 163
+ 12 101 40
+ 77 207 96
+ 94 177 15
+ 121 138 4
* 146 228 13
+ 97 107 10
? 61
+ 94 161 2
* 98 203 76
? 139
? 105
+ 17 97 23
* 63 150 72
* 140 216 33
* 59 156 57
* 4 196 66
+ 89 116 51
* 138 189 44
* 35 81 75
+ 90 159 66
* 2 202 48
+ 34 84 21
* 4 217 92
* 40 83 37
+ 9 170 95
? 8
+ 81 97 88
+ 21 108 84
? 63
+ 52 72 42
? 143
* 54 170 45
+ 105 118 49
* 5 65 13
* 53 171 25
+ 91 223 94
+ 130 145 46
* 85 126 77
* 72 87 82
+ 18 28 95
* 11 35 35
+ 17 200 88
* 161 194 86
? 191
* 35 110 18
* 176 200 53
? 89
* 71 216 22
+ 42 96 73
+ 37 229 95
+ 137 148 60
+ 69 223 93
+ 26 64 47
* 95 218 25
+ 106 227 64
+ 147 185 11
* 108 177 83
* 77 176 66
+ 104 236 15
* 32 163 22
+ 73 164 60
+ 204 230 9
+ 64 109 41
* 106 153 65
* 134 225 28
+ 22 135 42
* 151 215 13
+ 96 227 5
* 11 178 41
? 180
+ 45 173 32
+ 69 89 77
* 52 170 91
+ 202 214 44
* 19 212 55
? 68
+ 158 196 19
* 31 136 82
* 2 116 46
+ 17 28 35
? 1
+ 15 224 41
+ 212 223 54
? 130
* 33 74 7
+ 23 166 68
* 71 85 36
* 112 142 13
+ 43 149 22
? 137
* 222 226 93
+ 124 178 66
* 191 209 74
+ 16 184 78
* 1 85 99
* 123 153 91
* 143 162 73
? 180
? 203
* 146 223 57
* 76 115 24
* 87 216 25
* 37 114 77
+ 158 216 68
* 225 239 71
* 107 204 15
* 190 195 38
? 81
? 98
* 30 124 43
* 19 105 17
? 65
? 173
+ 223 236 78
? 71
+ 2 231 49
? 1
? 192
+ 100 240 42
+ 12 114 83
* 107 118 62
+ 134 144 33
* 35 129 18
+ 109 120 15
+ 31 114 41
* 139 220 16
+ 31 153 19
* 73 89 31
* 155 165 92
* 126 212 35
? 143
? 114
? 196
+ 200 206 25
* 129 160 31
* 23 163 79
+ 65 96 42
+ 68 140 37
+ 24 165 79
* 28 57 7
+ 47 133 6
+ 4 194 49
+ 56 99 62
? 96
* 181 235 51
* 107 195 96
+ 57 112 30
+ 36 143 64
* 87 109 13
? 207
+ 115 119 58
* 239 240 81
+ 2 219 56
* 92 234 55
? 8
* 50 228 47
? 14
+ 34 145 93
+ 22 113 92
* 18 87 31
+ 74 132 13
+ 58 151 7
? 45
+ 42 140 40
+ 126 164 38
+ 69 190 60
+ 127 152 97
+ 93 220 96
+ 3 206 85
+ 66 150 64
+ 2 233 80
+ 126 141 91
+ 129 164 46
+ 83 85 95
* 9 195 16
? 205
+ 53 226 40
+ 53 171 24
* 84 144 45
* 128 203 29
? 45
* 125 146 86
? 92
? 177
* 13 162 85
+ 43 197 82
+ 66 197 15
? 21
* 104 209 36
* 182 222 58
* 80 218 54
+ 46 196 83
* 37 37 78
? 105
* 23 75 86
* 178 201 60
+ 121 210 12
? 49
+ 131 213 96
* 111 176 9
* 124 166 7
+ 75 181 99
+ 96 108 40
? 100
? 117
+ 125 135 94
+ 139 145 41
+ 4 40 57
+ 52 186 95
+ 2 166 58
? 57
* 140 158 25
* 12 44 3
* 33 54 60
* 15 60 59
* 31 50 16
* 69 173 53
+ 19 205 82
? 69
* 132 224 85
* 54 179 99
* 58 142 85
+ 69 207 74
+ 134 234 35
+ 105 198 99
+ 2 28 62
+ 177 218 84
? 191
+ 92 128 59
+ 20 92 35
+ 181 219 22
+ 48 151 47
+ 26 143 40
* 90 96 8
? 153
+ 63 152 36
+ 64 127 66
* 64 65 93
* 144 173 9
* 125 191 56
* 97 150 57
+ 33 146 44
+ 38 52 77
+ 72 187 92
? 204
? 128
+ 93 132 29
+ 68 111 96
* 25 117 22
? 221
+ 18 198 50
* 53 198 95
+ 5 8 25
* 16 24 41
+ 129 150 50
+ 34 186 58
* 72 143 9
+ 106 153 52
+ 17 104 93
? 198
* 26 93 75
? 26
? 220
* 47 125 2
+ 41 185 19
+ 211 215 19
* 45 67 92
+ 29 108 99
? 162
+ 140 237 92
? 24
+ 34 108 67
+ 13 136 1
+ 62 69 70
? 20
* 160 188 90
* 90 147 69
+ 124 169 48
+ 147 148 84
+ 66 228 12
? 127
* 105 224 100
+ 207 237 48
+ 6 35 66
+ 3 69 76
* 104 201 34
* 31 42 71
* 133 162 28
? 200
? 19
+ 25 77 75
+ 57 70 51
* 8 93 99
? 58
* 30 88 23
? 34
* 22 96 32
+ 20 125 22
? 231
? 238
? 84
* 27 207 36
? 219
+ 231 240 83
* 140 228 68
? 107
? 144
+ 25 28 78
* 191 215 15
+ 102 132 2
+ 74 92 25
? 46
* 33 81 52
* 169 194 19
? 69
* 115 199 79
+ 184 214 3
+ 21 169 41
+ 26 29 47
* 93 147 66
+ 5 15 41
* 41 165 54
* 58 175 34
* 41 49 5
? 32
+ 60 236 79
+ 51 78 8
* 112 141 98
? 65
* 130 180 83
* 52 113 8
+ 4 68 59
+ 67 155 67
? 77
* 44 192 44
? 110
* 51 182 72
* 40 88 76
+ 182 227 34
* 42 165 26
? 203
* 79 218 67
? 21
* 226 235 42
+ 4 114 17
+ 101 219 17
* 182 219 85
+ 60 89 57
* 150 154 90
* 159 193 10
+ 167 240 61
* 88 203 23
* 98 170 42
* 134 201 24
* 162 183 98
+ 13 76 57
+ 180 195 1
+ 144 230 33
* 36 142 42
+ 37 155 23
+ 123 211 36
+ 162 212 14
* 155 225 36
+ 130 202 12
* 164 227 95
+ 53 212 8
? 233
* 198 227 68
* 57 212 50
? 83
* 16 69 53
* 38 138 55
* 52 78 95
* 152 208 79
+ 117 208 10
+ 17 98 54
+ 121 237 77
? 191
+ 88 183 55
? 234
* 97 100 49
+ 2 128 7
+ 114 145 21
+ 151 193 59
+ 80 136 35
+ 37 156 38
+ 174 238 38
+ 88 94 88
* 79 90 77
* 166 227 98
+ 65 196 66
? 117
+ 9 32 100
+ 189 200 88
+ 42 113 65
+ 121 203 53
? 219
* 28 95 56
* 39 126 17
+ 15 125 40
? 204
? 199
+ 71 239 54
* 107 148 73
* 110 151 60
* 102 195 83
+ 138 210 19
+ 116 230 92
* 2 133 63
* 71 226 15
? 175
+ 44 119 35
? 92
? 195
? 143
* 116 194 86
+ 2 169 87
+ 139 229 71
* 86 107 31
* 15 86 78
? 218
? 32
* 152 236 18
? 137
+ 53 178 32
* 9 121 10
* 30 227 55
* 9 20 22
? 226
* 66 109 84
+ 98 107 38
+ 83 210 53
+ 39 41 78
* 27 91 20
? 111
* 126 208 56
? 63
* 62 151 58
+ 149 154 80
+ 69 178 71
+ 3 127 66
+ 88 176 54
+ 31 48 42
+ 113 115 44
+ 90 154 100
* 42 78 62
* 46 48 2
+ 28 41 82
? 240
+ 159 170 75
+ 41 97 44
+ 39 73 44
* 10 25 47
+ 177 192 82
* 68 74 36
* 98 104 37
* 65 170 74
+ 98 116 33
+ 220 235 56
+ 45 62 38
* 34 152 47
* 27 174 40
+ 97 120 6
* 77 181 53
+ 153 219 73
? 150
+ 3 211 79
* 189 222 45
+ 103 150 4
+ 10 175 91
+ 27 63 82
* 97 146 18
+ 10 239 44
* 51 180 48
? 240
? 118
? 124
? 10
+ 8 200 51
? 70
+ 110 222 50
* 151 209 7
* 106 158 39
* 45 71 90
* 10 213 58
* 2 105 90
? 206
? 27
? 81
* 93 231 30
+ 22 187 100
+ 80 142 23
* 77 133 9
? 8
? 37
+ 3 220 58
* 61 134 2
+ 79 100 29
+ 72 98 33
? 220
+ 125 224 58
* 56 183 93
+ 63 132 79
* 179 224 66
? 174
+ 18 196 81
* 31 206 88
+ 72 161 20
* 135 227 89
? 118
+ 30 180 93
? 196
* 54 220 98
+ 58 212 96
* 119 239 56
+ 15 23 25
+ 20 239 97
+ 146 178 57
+ 38 65 8
+ 107 153 69
? 156
+ 26 233 70
+ 59 144 55
+ 5 46 84
* 73 123 4
? 160
* 55 211 38
+ 60 230 47
* 98 159 59
* 118 180 23
* 88 91 82
+ 75 105 92
+ 137 190 76
? 222
+ 41 65 14
+ 56 191 100
? 173
+ 112 134 5
* 108 216 32
+ 115 207 27
+ 158 172 32
? 71
* 23 67 82
+ 149 166 92
? 149
+ 104 222 70
+ 71 100 2
+ 118 131 70
+ 107 217 42
* 56 232 17
* 75 200 98
* 72 77 12
? 37
+ 136 172 19
? 49
+ 195 196 93
* 43 87 45
? 235
* 181 205 6
? 25
* 188 217 40
? 139
* 153 210 17
? 199
+ 27 223 46
* 30 42 19
+ 32 111 36
+ 162 233 94
? 181
* 128 208 41
* 103 190 20
* 85 166 61
+ 95 240 1
+ 3 160 41
* 2 202 65
* 68 134 73
+ 9 102 39
* 103 185 45
? 206
? 10
+ 46 108 25
* 45 101 62
* 211 228 44
+ 143 230 83
* 202 204 43
* 178 223 31
* 73 216 67
* 26 226 53
* 18 117 35
+ 34 49 80
* 65 160 20
+ 119 232 45
? 163
+ 138 162 15
* 102 220 18
+ 110 196 81
? 30
? 77
+ 109 198 53
* 24 154 68
* 84 137 26
+ 24 147 15
+ 50 210 89
+ 60 106 88
* 110 162 50
* 37 173 10
* 57 103 9
* 49 172 95
? 169
+ 138 216 5
* 20 236 87
* 168 209 82
* 121 179 93
? 177
+ 191 226 10
? 213
+ 153 160 80
* 72 232 45
? 78
+ 6 113 12
* 121 202 97
* 164 191 71
? 212
? 233
? 123
+ 43 144 64
+ 156 160 73
+ 47 170 97
* 39 50 40
+ 72 123 69
? 156
? 8
? 64
* 47 218 35
? 22
? 166
? 161
? 115
+ 10 44 9
+ 71 182 44
+ 169 219 23
+ 2 26 38
* 125 232 42
+ 10 127 4
* 156 162 78
? 120
* 61 142 38
? 233
* 24 91 30
* 12 184 85
* 14 101 43
* 110 175 97
+ 81 239 77
? 14
* 96 151 59
* 81 102 64
* 88 199 63
* 87 175 86
* 46 215 35
* 47 70 39
* 155 179 62
+ 106 119 46
* 29 29 3
* 66 149 38
? 50
? 145
* 70 124 15
+ 215 223 41
? 217
+ 82 147 84
+ 51 73 93
+ 68 218 4
* 126 165 84
+ 37 207 17
? 123
* 76 235 77
* 77 116 52
? 21
+ 179 188 8
? 172
+ 169 232 78
? 97
+ 86 197 53
* 132 187 97
* 92 168 91
* 185 208 26
+ 4 47 74
* 57 187 98
? 215
+ 43 160 15
? 218
* 69 217 63
* 55 240 64
* 119 206 16
? 31
* 88 111 30
+ 95 117 60
? 149
* 62 78 46
* 113 173 56
* 152 226 47
+ 94 144 43
? 53
* 37 182 21
? 54
+ 212 216 68
* 153 184 42
? 219
? 125
* 103 139 90
? 104
* 28 140 5
+ 37 66 87
* 94 96 95
* 185 228 25
* 25 121 92
* 10 29 81
? 184
* 84 230 89
+ 14 43 62
* 48 229 69
+ 65 189 31
+ 24 83 13
* 91 214 70
* 74 240 66
* 148 224 2
* 69 106 48
+ 14 75 38
* 3 240 76
+ 32 161 49
? 77
+ 149 189 28
? 4
+ 121 215 26
? 142
+ 188 216 92
* 115 192 99
+ 30 94 70
+ 48 213 42
+ 70 237 21
* 84 175 66
? 130
* 24 77 88
? 10
? 119
* 21 36 81
* 114 189 31
+ 120 215 55
* 173 189 81
+ 172 201 31
+ 131 233 29
+ 73 142 2
+ 30 198 16
* 30 71 51
* 217 226 21
? 225
+ 156 165 13
? 168
+ 111 161 79
* 71 88 74
? 63
* 116 205 58
+ 83 209 7
? 194
+ 190 221 83
* 87 193 49
+ 82 133 13
+ 104 133 3
? 180
+ 44 164 73
+ 77 105 75
+ 24 76 36
+ 48 160 64
* 74 236 62
+ 17 236 19
* 111 208 68
+ 82 204 51
+ 52 240 93
* 126 239 23
+ 96 98 20
+ 25 230 78
* 182 228 94
? 87
+ 9 51 71
* 22 144 66
+ 180 211 84
+ 89 213 35
+ 51 204 78
* 85 87 66
* 60 93 34
* 51 153 68
* 62 81 87
+ 150 205 98
* 41 55 52
+ 36 108 72
+ 36 84 95
? 113
? 94
? 178
+ 111 156 21
* 68 177 42
* 77 207 95
* 80 162 3
+ 30 50 16
? 15
? 196
+ 31 76 65
? 48
+ 139 224 64
+ 200 228 80
+ 11 54 93
* 141 182 7
+ 65 111 48
* 23 116 71
+ 165 173 37
? 74
? 16
? 222
+ 35 69 43
? 52
+ 138 152 13
+ 53 133 67
* 97 217 6
* 54 205 87
* 27 238 10
* 20 90 98
? 128
? 150
* 62 96 92
* 59 199 17
* 77 187 17
? 153
* 52 110 45
? 13
? 132
+ 20 29 40
* 115 232 12
+ 70 192 67
? 107
+ 75 116 27
* 18 168 76
* 22 114 46
? 41
+ 99 195 44
+ 9 32 68
+ 3 178 74
* 136 221 79
* 100 239 35
* 148 176 3
? 162
+ 116 200 95
* 61 178 20
? 175
* 102 104 42
* 23 25 30
* 92 96 84
+ 33 71 75
? 21
? 162
+ 6 100 46
* 28 175 83
? 81
+ 48 105 89
* 196 212 52
+ 22 228 52
* 71 218 25
+ 70 220 37
? 26
? 36
? 216
* 80 107 40
+ 136 231 86
? 13
* 137 196 4
+ 8 228 60
* 49 176 45
* 30 58 52
+ 10 88 41
+ 56 109 55
? 28
* 95 102 42
* 69 173 49
* 37 178 55
? 94
* 34 45 34
? 206
+ 133 238 57
* 15 149 31
+ 189 224 71
+ 119 190 27
? 153
+ 55 89 64
