807 3642 21
+ 266 397 86
* 468 551 94
* 24 385 82
? 343
+ 190 215 7
+ 60 567 64
* 241 453 54
* 604 737 85
+ 13 545 94
+ 602 685 60
* 35 567 78
+ 536 651 22
+ 207 778 71
* 11 398 47
+ 218 408 95
* 622 761 27
* 86 235 15
+ 321 366 91
? 119
* 325 719 50
* 601 652 55
* 38 343 40
* 88 560 13
? 645
+ 474 720 59
+ 442 642 35
* 537 585 75
+ 436 473 12
* 255 802 32
+ 396 439 72
+ 434 652 82
* 310 646 88
+ 602 791 34
+ 693 722 64
+ 229 464 34
+ 333 624 1
+ 367 630 56
+ 516 561 77
+ 166 529 12
* 513 677 95
+ 625 723 39
* 70 500 72
+ 561 673 42
? 766
* 520 682 99
* 18 504 14
? 209
* 370 561 48
* 190 673 99
* 532 684 66
* 356 531 45
* 60 545 17
? 405
* 38 753 3
* 167 168 38
+ 534 708 4
* 146 764 2
? 676
+ 128 561 21
+ 521 703 67
+ 341 473 82
* 411 683 93
+ 55 366 52
* 350 779 41
* 138 243 57
* 546 718 8
* 52 474 43
+ 548 764 5
+ 8 131 34
? 336
+ 535 685 30
* 344 665 72
* 197 621 23
+ 694 714 65
* 263 774 57
+ 225 471 67
+ 367 611 82
? 653
? 248
* 167 597 87
+ 43 296 35
+ 279 460 72
* 322 776 73
? 2
* 454 636 77
* 605 778 13
+ 148 189 89
* 307 544 27
+ 193 324 48
+ 207 710 81
? 14
? 503
* 53 657 14
+ 286 306 28
? 159
+ 248 465 13
* 362 734 71
+ 110 549 96
? 124
* 214 457 82
* 530 671 76
+ 28 523 94
+ 171 672 43
+ 617 705 82
+ 146 757 77
* 127 371 56
* 528 597 54
+ 519 600 69
+ 283 693 13
+ 277 366 98
+ 66 169 26
+ 127 622 60
? 125
* 440 494 80
* 636 681 51
* 482 778 34
+ 24 294 78
* 40 113 60
* 283 431 9
+ 84 465 92
* 48 252 33
+ 212 317 5
? 642
* 128 650 95
* 734 777 45
+ 12 657 58
* 10 521 99
+ 23 584 89
* 114 700 28
+ 503 558 11
? 126
* 574 702 23
? 585
+ 459 621 93
+ 455 529 34
? 105
* 646 773 58
+ 68 160 75
* 471 643 29
* 671 677 5
? 490
+ 144 313 11
+ 198 629 59
+ 56 667 59
* 61 749 28
* 12 397 75
+ 390 666 76
+ 502 657 63
+ 662 684 12
+ 349 671 17
+ 324 654 57
? 472
* 710 720 33
* 183 727 54
* 304 510 45
? 228
* 36 147 8
+ 658 674 69
+ 11 323 39
* 220 381 87
* 602 749 15
+ 311 397 13
* 660 708 99
* 187 452 41
* 4 584 87
* 45 139 52
+ 351 487 15
? 144
* 76 296 31
* 304 642 46
* 182 655 9
? 501
* 165 314 73
+ 9 578 26
+ 463 480 79
* 430 582 74
+ 285 401 34
? 425
* 173 497 18
* 416 646 9
+ 324 431 16
* 122 275 34
? 393
+ 482 561 34
+ 267 342 88
? 514
* 10 407 58
+ 319 532 94
+ 678 733 22
* 124 369 47
? 605
? 757
+ 56 58 90
? 569
? 276
? 592
* 392 586 79
+ 422 671 39
* 109 782 21
+ 322 551 99
? 127
* 408 545 96
* 377 606 47
* 265 478 46
+ 447 699 83
+ 376 406 99
? 727
? 100
+ 380 802 31
* 393 647 61
* 55 375 7
* 327 359 89
+ 476 575 49
+ 456 643 5
+ 392 485 7
* 220 261 44
+ 519 682 41
? 513
? 520
+ 579 689 89
? 724
+ 372 510 62
+ 195 248 70
? 159
+ 89 200 20
? 770
* 317 338 29
* 78 103 52
* 156 753 76
* 36 280 92
* 231 319 72
+ 44 161 93
+ 127 281 28
? 502
? 511
+ 306 776 8
* 38 532 19
* 486 767 78
* 180 741 87
* 36 157 2
+ 605 781 39
+ 118 595 19
+ 215 788 16
+ 29 565 76
? 315
+ 337 398 3
* 356 553 42
+ 130 491 13
* 354 458 30
+ 31 152 79
+ 170 541 40
+ 164 504 35
+ 32 417 89
* 15 617 36
* 6 58 43
* 146 774 1
* 160 390 10
* 183 793 20
* 332 619 80
* 11 353 89
+ 393 800 1
? 387
* 532 702 99
+ 322 360 6
+ 364 668 2
? 537
? 354
+ 385 706 55
* 467 686 82
+ 283 709 68
? 679
* 74 659 15
? 198
+ 468 588 52
+ 333 437 38
* 187 636 12
+ 183 195 65
? 443
+ 240 781 39
+ 513 557 87
* 478 587 88
* 87 711 87
+ 541 760 43
? 797
* 518 735 33
+ 651 760 69
+ 670 688 37
? 358
* 553 691 31
* 243 533 47
* 26 84 55
* 88 368 68
+ 133 698 51
+ 16 495 49
* 20 98 71
+ 131 436 92
* 381 550 75
+ 451 609 19
+ 567 605 19
+ 635 716 3
* 87 95 67
* 99 621 71
+ 381 487 72
* 364 674 74
+ 262 713 93
? 155
* 64 88 24
* 249 768 26
+ 739 799 30
+ 294 328 45
+ 332 461 24
+ 518 608 84
* 645 667 69
+ 102 321 52
+ 198 674 87
+ 292 367 87
* 172 750 20
+ 318 318 95
+ 185 494 78
? 545
* 647 708 4
+ 224 805 53
+ 126 202 91
+ 375 718 65
? 535
* 41 75 82
* 340 646 29
? 546
* 84 691 45
+ 49 622 31
* 233 464 84
+ 177 237 62
? 251
+ 54 352 36
* 475 736 76
+ 511 551 99
* 66 203 29
* 148 188 2
? 425
? 536
* 501 733 3
+ 241 571 68
+ 442 645 2
? 247
? 545
? 80
* 219 357 59
+ 54 613 37
+ 402 583 66
* 645 718 72
* 89 423 63
* 223 796 41
? 59
? 659
? 679
? 399
* 385 407 5
* 428 741 95
+ 483 744 31
+ 31 190 29
* 532 556 20
* 39 85 94
+ 37 412 55
+ 457 622 8
+ 279 475 33
* 109 802 2
* 307 525 44
? 738
* 665 793 90
+ 739 746 92
? 395
* 83 387 81
+ 310 740 71
* 17 269 70
+ 323 724 58
? 423
+ 532 654 99
? 774
? 57
+ 285 474 80
? 641
+ 110 749 87
+ 60 364 47
+ 5 85 29
+ 110 189 21
? 804
? 477
* 54 761 94
+ 467 726 46
? 588
? 309
+ 65 611 23
+ 72 611 31
? 102
* 710 747 57
? 375
+ 280 581 10
* 438 707 5
+ 509 758 49
+ 232 326 40
+ 246 542 83
+ 11 560 10
* 416 507 47
+ 211 646 22
* 336 581 55
+ 104 794 57
+ 113 191 25
* 73 203 100
+ 5 208 61
+ 231 545 4
* 44 69 37
+ 23 421 25
+ 80 757 40
* 120 328 29
+ 20 672 25
* 92 467 49
? 764
+ 646 807 54
+ 171 582 4
+ 306 671 86
* 662 667 53
* 30 306 60
* 6 457 28
? 63
+ 307 709 24
+ 70 791 64
+ 25 47 95
* 361 785 8
+ 44 643 81
+ 112 769 34
+ 98 574 82
+ 89 132 65
* 117 704 35
? 615
+ 139 592 30
* 203 221 16
? 24
+ 471 697 99
? 82
? 722
+ 105 402 95
* 454 543 63
+ 400 462 29
+ 260 434 1
? 457
* 188 376 35
+ 249 389 81
? 650
+ 320 790 35
? 348
+ 2 204 4
+ 58 648 63
+ 50 570 76
* 12 121 84
* 539 752 23
* 691 785 62
? 588
? 723
+ 130 137 14
? 801
+ 406 631 20
+ 130 505 80
* 130 175 58
+ 383 558 94
* 387 601 52
+ 161 774 63
+ 208 769 28
* 244 367 51
+ 593 613 69
* 368 399 13
* 757 759 9
* 396 776 88
? 198
* 405 409 99
* 5 230 2
* 135 476 30
+ 132 458 96
+ 19 748 62
+ 99 469 25
* 322 385 94
+ 573 725 84
+ 223 700 28
* 598 659 6
* 622 744 91
? 21
* 193 489 79
? 356
+ 699 730 50
+ 73 739 4
* 55 708 55
* 294 461 81
* 92 419 94
* 52 613 20
+ 299 642 61
+ 541 716 39
? 29
* 312 732 27
* 212 772 88
* 435 610 19
* 239 800 37
* 68 398 83
* 678 732 40
+ 191 472 80
* 618 802 69
? 411
* 648 687 81
? 79
* 435 507 56
* 14 399 7
? 636
+ 669 725 41
? 751
? 446
+ 49 639 20
* 136 678 54
* 408 676 63
* 239 240 81
* 111 203 6
* 222 555 3
+ 186 716 10
* 325 536 16
* 275 574 12
? 501
+ 72 740 80
* 420 691 48
+ 41 475 26
* 93 493 67
+ 145 391 85
? 806
+ 226 254 74
+ 337 520 31
* 215 260 42
+ 120 490 8
? 212
+ 714 789 40
* 212 576 70
+ 493 764 67
+ 445 608 78
* 494 532 78
+ 443 626 65
* 426 477 61
+ 190 436 75
+ 401 614 45
+ 290 616 33
* 498 595 12
+ 372 553 32
+ 92 779 34
? 512
* 534 701 56
* 178 746 9
+ 590 636 19
+ 53 155 76
+ 278 744 57
* 269 283 28
? 60
* 436 567 35
* 620 705 100
+ 195 727 54
* 185 284 25
* 193 239 93
* 126 472 95
? 668
* 58 427 63
? 677
? 572
* 608 645 98
* 381 445 2
+ 259 683 75
+ 177 256 99
+ 96 586 35
* 353 671 65
+ 566 585 8
? 19
* 305 522 83
+ 60 421 49
* 101 770 17
* 60 638 82
* 40 703 83
* 104 390 21
? 23
* 386 441 83
+ 385 410 84
? 215
+ 221 705 17
+ 463 559 44
+ 2 633 19
+ 215 600 72
* 96 777 4
* 233 737 83
? 258
? 690
+ 417 731 32
* 392 666 62
? 198
? 44
+ 348 706 74
* 435 769 46
* 325 683 22
* 287 436 89
* 25 114 37
+ 12 298 46
* 245 432 48
+ 520 649 55
? 252
+ 623 777 74
+ 309 550 28
* 408 753 96
? 607
? 426
? 398
+ 531 766 9
* 311 609 26
* 382 633 57
+ 500 692 9
* 273 304 74
* 22 154 53
* 42 117 58
+ 33 506 81
+ 20 493 98
* 260 760 17
? 280
+ 409 552 4
+ 75 726 95
* 264 510 78
? 542
? 408
? 367
? 199
+ 3 10 76
+ 76 421 9
+ 286 514 64
+ 264 731 5
* 312 465 81
+ 372 687 31
* 651 736 43
* 274 681 28
+ 438 532 41
? 711
? 73
? 24
+ 335 408 21
+ 203 711 56
* 648 699 18
* 162 406 76
+ 214 609 43
+ 436 680 2
* 72 337 7
* 294 704 20
+ 131 173 20
+ 380 552 12
+ 276 609 62
+ 70 331 28
* 452 487 87
+ 76 601 5
? 733
+ 300 705 91
? 679
? 579
+ 51 381 5
+ 205 485 74
+ 159 245 1
+ 13 259 49
* 175 331 99
+ 30 239 35
* 232 749 86
+ 68 683 50
* 265 705 99
+ 304 705 4
+ 593 804 72
+ 158 718 76
* 392 584 52
* 30 189 16
? 736
+ 47 633 17
* 227 651 47
+ 205 554 74
+ 408 469 87
+ 149 340 57
* 396 554 92
* 678 799 78
? 22
* 410 514 3
? 156
? 446
* 155 695 10
* 70 485 7
? 47
? 80
? 360
+ 59 351 43
? 508
? 728
* 266 765 25
? 601
* 736 756 81
+ 479 763 59
? 357
+ 210 558 30
+ 157 461 99
? 726
? 81
? 27
+ 107 627 26
? 35
* 171 523 9
+ 317 614 84
? 666
+ 549 775 60
* 346 576 8
+ 99 191 46
* 173 450 23
+ 264 699 37
+ 390 744 45
+ 215 459 24
* 269 726 39
? 55
* 153 267 64
+ 228 440 57
? 703
+ 113 663 45
? 719
* 370 583 22
+ 439 676 14
* 513 636 84
? 42
* 111 150 62
+ 607 764 68
+ 26 787 12
+ 64 742 5
+ 342 443 81
* 192 356 46
* 186 664 83
+ 260 355 51
* 519 621 78
+ 166 435 90
* 431 522 100
* 21 444 46
* 593 653 45
+ 60 320 54
+ 486 574 47
+ 41 411 17
* 46 347 9
+ 10 137 23
? 715
? 442
+ 368 501 5
* 441 667 16
+ 523 724 29
* 552 626 34
? 403
? 107
* 201 302 7
* 405 704 27
+ 32 239 7
+ 225 608 18
+ 265 311 6
* 532 603 9
* 46 765 78
* 109 662 26
* 285 555 67
? 288
* 582 737 96
* 562 616 71
+ 202 428 19
* 426 795 72
? 122
? 541
+ 18 392 6
* 243 690 43
+ 498 592 77
+ 284 293 24
? 235
+ 65 623 27
* 5 438 79
* 166 440 51
* 170 499 94
* 168 459 20
+ 88 606 36
* 386 747 44
* 398 783 98
* 21 701 15
* 44 199 44
* 261 432 81
* 45 143 95
+ 86 724 44
* 617 658 90
+ 148 233 2
? 499
* 143 384 98
+ 152 795 53
* 35 442 63
* 106 473 92
* 196 786 84
* 293 567 19
+ 280 326 28
? 203
* 191 562 85
+ 733 790 91
* 292 594 65
+ 69 73 55
+ 349 675 14
* 94 576 3
+ 470 487 37
* 313 401 39
+ 33 422 16
* 217 790 34
+ 304 457 49
* 180 319 1
+ 321 343 12
+ 370 614 39
* 32 561 64
* 114 700 97
* 127 393 94
+ 181 364 51
* 370 428 32
+ 124 125 6
* 170 415 78
+ 69 570 46
? 506
? 488
* 392 489 48
+ 619 701 60
? 87
* 52 511 38
* 202 287 74
? 48
* 69 435 56
+ 93 627 98
* 414 591 86
? 396
* 563 782 46
? 277
+ 538 563 73
* 28 529 83
* 336 724 43
+ 287 535 48
? 66
+ 584 776 74
* 457 589 22
+ 339 628 21
? 655
* 372 435 80
* 219 428 61
+ 62 312 57
* 546 590 32
+ 316 506 89
? 686
* 644 792 98
+ 124 266 51
? 693
? 342
+ 653 751 18
* 294 675 26
+ 380 606 25
+ 491 612 80
* 432 736 12
? 152
+ 434 435 99
? 281
? 678
* 7 119 10
+ 418 768 55
+ 526 581 7
+ 77 613 11
* 392 718 74
+ 468 557 33
+ 275 663 50
* 518 786 37
* 271 440 40
* 161 350 14
? 777
* 203 791 44
+ 573 725 99
* 118 198 93
+ 195 419 52
? 634
+ 718 719 20
+ 461 531 61
* 169 248 65
* 313 427 86
* 141 639 99
? 250
? 192
+ 561 764 79
+ 70 223 74
* 368 572 52
+ 239 516 99
* 379 665 85
* 301 490 73
? 441
* 194 735 100
+ 254 750 31
+ 193 491 80
+ 646 740 62
? 311
+ 117 362 27
* 296 296 75
+ 795 805 20
+ 108 198 7
+ 34 60 84
? 679
? 191
* 100 714 59
* 20 312 57
* 488 783 21
? 743
+ 134 134 8
* 641 719 35
* 198 417 4
* 542 701 95
* 264 280 73
* 44 399 63
+ 310 769 27
* 377 617 20
* 373 675 59
* 549 684 49
* 543 772 28
+ 24 695 93
* 569 687 29
+ 403 423 90
* 217 558 56
? 565
+ 306 458 56
* 86 165 94
? 758
+ 125 677 42
* 662 688 43
? 495
+ 28 553 80
* 91 236 99
+ 571 725 17
+ 110 603 93
+ 279 340 2
* 408 709 7
* 381 490 27
+ 59 481 35
+ 172 289 88
+ 293 694 50
* 410 616 8
* 552 768 4
* 172 791 52
* 294 353 8
* 422 647 2
* 331 479 22
* 431 728 22
* 284 804 38
* 72 333 13
+ 112 697 71
+ 4 746 56
? 42
* 215 745 1
? 507
* 303 601 94
+ 305 384 86
+ 162 666 50
* 302 420 3
? 706
? 189
* 403 654 92
+ 46 600 58
* 427 675 58
+ 30 626 58
* 386 771 57
? 44
* 524 802 15
+ 141 392 44
* 166 397 87
* 749 795 92
+ 308 756 67
? 334
* 80 173 78
* 93 204 45
* 525 789 45
+ 687 777 79
? 765
* 489 566 74
+ 566 689 90
+ 678 797 10
* 9 554 25
* 67 464 18
* 354 715 5
+ 691 718 54
+ 72 383 10
* 44 383 35
* 505 679 58
+ 274 505 87
+ 276 552 70
* 269 535 30
? 352
+ 594 734 89
? 479
* 169 318 29
* 320 407 62
* 161 223 99
+ 119 760 42
+ 32 174 55
? 607
+ 45 491 55
* 323 673 57
+ 261 327 27
+ 463 482 98
? 276
* 118 605 42
* 277 373 16
+ 157 604 39
* 131 639 57
+ 161 183 48
+ 208 347 68
* 90 420 84
+ 40 162 85
+ 10 307 82
+ 360 456 39
? 155
* 315 654 59
* 54 377 87
+ 222 269 52
+ 258 408 71
? 259
* 76 270 11
+ 686 774 91
+ 271 767 9
+ 313 383 22
* 647 786 25
? 236
+ 288 639 26
? 557
* 280 502 74
? 119
* 389 793 63
+ 108 357 33
+ 618 753 32
? 695
? 731
* 520 596 79
+ 115 518 28
+ 236 800 76
+ 310 508 53
+ 548 678 65
* 87 249 16
* 313 534 7
+ 277 419 73
+ 77 178 10
* 166 342 6
* 463 622 98
+ 424 574 90
* 551 694 23
* 151 387 55
+ 431 525 42
* 286 738 9
* 40 147 65
* 163 565 61
* 59 481 9
+ 34 214 10
+ 305 640 86
* 197 349 47
+ 653 684 75
+ 316 675 43
* 270 355 41
+ 368 692 81
? 314
* 618 712 23
+ 465 687 92
* 463 691 22
+ 194 761 24
* 86 722 81
* 608 658 3
+ 556 573 12
* 160 329 2
+ 57 401 20
? 730
+ 365 684 53
+ 665 671 6
* 485 490 82
* 185 525 40
* 5 272 5
+ 59 696 1
* 297 506 15
+ 110 370 89
+ 610 682 22
? 24
* 292 391 59
+ 574 732 5
* 107 155 89
* 153 233 54
* 490 587 65
+ 358 697 81
+ 455 543 51
+ 71 126 55
+ 291 646 8
* 28 130 53
+ 248 471 30
? 517
+ 69 248 81
+ 697 707 59
+ 21 319 74
? 807
+ 134 443 24
* 88 675 54
* 536 613 64
* 402 550 53
? 301
+ 207 448 17
+ 607 733 97
* 373 556 4
+ 344 713 30
* 75 446 17
? 31
+ 226 685 92
+ 436 536 60
* 732 772 51
? 179
+ 447 705 57
? 793
* 61 227 69
? 257
+ 316 482 12
+ 164 422 76
? 725
? 4
* 24 408 99
* 273 495 1
* 93 438 83
+ 351 411 73
+ 242 254 79
+ 281 434 72
? 722
+ 165 798 82
+ 86 91 78
* 630 753 51
+ 41 100 74
* 236 261 64
+ 55 770 55
+ 183 691 34
* 491 675 25
* 533 752 6
* 265 382 78
* 285 335 59
+ 728 742 22
* 453 586 29
* 122 655 47
+ 306 360 4
* 601 706 99
* 332 458 26
+ 74 364 78
+ 224 332 80
? 338
* 185 333 90
+ 153 399 48
* 289 610 67
+ 114 573 81
* 8 22 14
* 48 515 74
+ 59 412 64
+ 263 497 45
? 729
+ 52 602 46
* 184 573 96
+ 28 520 6
* 164 293 88
+ 556 696 85
* 137 802 74
* 181 601 36
* 690 783 50
+ 93 462 34
+ 116 232 35
+ 124 375 12
* 152 259 57
* 332 545 41
* 119 348 14
* 461 598 83
* 20 553 93
+ 145 748 6
* 308 358 89
+ 207 696 15
* 342 430 5
* 373 623 4
* 65 249 55
* 559 576 33
* 328 630 16
+ 305 513 59
+ 115 178 43
? 760
* 289 326 15
* 541 667 12
* 687 749 64
+ 182 575 59
+ 221 682 71
* 73 96 48
* 216 342 93
+ 384 708 46
? 118
? 357
+ 348 747 86
* 448 505 97
? 524
+ 462 598 70
* 303 567 96
* 213 388 54
+ 352 419 83
* 265 358 7
* 141 542 12
+ 463 562 58
+ 614 727 39
* 167 197 53
+ 325 616 83
* 177 517 14
* 188 772 21
+ 148 734 89
* 31 638 8
* 510 565 89
? 257
+ 297 581 45
* 638 654 52
* 330 489 7
+ 26 275 18
+ 56 512 55
* 231 392 98
+ 356 422 10
? 741
+ 272 571 62
+ 176 782 41
* 713 769 98
* 70 507 96
? 741
? 386
+ 38 742 1
+ 111 481 44
+ 589 666 94
? 602
? 92
+ 65 106 88
? 413
+ 14 346 45
? 31
+ 170 669 15
? 184
? 503
? 134
? 582
+ 595 673 20
* 151 533 20
+ 378 751 43
* 406 556 60
? 110
+ 226 293 47
+ 708 745 5
+ 333 671 53
+ 417 625 86
+ 363 647 20
+ 14 139 99
? 537
+ 86 604 14
* 409 465 82
? 797
? 630
* 81 601 40
+ 42 144 55
+ 267 667 62
? 645
* 62 441 40
? 576
? 745
? 378
? 215
+ 122 383 57
+ 149 490 59
* 486 719 44
+ 87 346 6
* 102 222 82
? 39
+ 681 772 67
? 99
+ 86 104 78
+ 494 594 50
+ 207 572 89
? 397
* 147 460 30
+ 229 556 97
* 369 506 34
+ 32 135 81
+ 627 743 77
? 391
+ 83 396 84
* 73 344 71
* 432 739 20
* 405 415 56
+ 6 328 87
+ 262 685 57
* 418 764 68
+ 319 763 16
+ 299 796 87
* 110 265 22
? 679
+ 41 289 58
+ 221 436 18
+ 425 495 13
* 15 567 27
+ 130 704 44
? 3
+ 67 788 39
+ 121 681 97
* 314 589 27
+ 235 730 48
* 78 649 61
? 779
* 231 549 71
+ 323 699 54
* 365 367 41
? 678
* 46 265 54
* 370 778 7
+ 590 637 99
? 14
* 73 381 67
+ 426 625 35
? 342
+ 331 492 8
? 762
* 73 732 39
+ 52 168 70
+ 246 740 30
? 87
+ 512 525 29
? 708
+ 231 319 56
+ 230 279 59
* 424 636 85
+ 289 613 85
* 128 307 49
? 660
* 346 398 49
+ 635 649 57
+ 559 644 61
? 260
* 33 692 29
* 80 93 76
* 93 322 47
+ 458 664 48
+ 291 482 64
? 43
+ 88 241 73
+ 413 667 21
+ 386 574 79
? 89
+ 106 563 82
? 252
? 150
? 242
+ 126 434 55
* 23 43 63
+ 383 789 39
* 647 695 64
? 179
+ 169 636 21
+ 278 361 23
+ 548 765 65
? 788
* 416 486 11
? 24
* 293 560 73
? 471
* 405 639 39
? 225
? 154
? 319
+ 119 374 12
+ 356 756 80
+ 501 805 27
? 290
? 666
? 487
+ 258 733 5
+ 488 538 92
+ 540 585 54
* 186 690 18
* 74 588 62
* 293 541 43
? 265
+ 364 660 90
* 82 375 58
* 62 716 36
* 76 321 61
* 111 430 62
* 113 476 95
+ 446 582 87
+ 185 550 57
* 372 785 76
+ 276 714 26
* 623 693 30
+ 42 149 35
? 209
* 633 734 17
* 231 305 2
+ 138 636 28
? 44
? 797
* 192 454 39
? 553
+ 582 712 76
? 292
+ 581 696 16
* 540 706 60
* 239 548 48
* 386 793 34
? 714
? 164
+ 423 745 3
* 9 592 20
* 210 478 84
+ 227 254 89
+ 198 535 7
* 171 581 30
? 292
* 572 714 83
? 356
+ 581 721 42
* 477 560 74
* 323 746 62
* 152 300 70
* 216 685 36
+ 207 279 62
? 575
* 349 465 54
+ 488 683 56
+ 91 485 48
? 85
+ 658 792 41
? 427
+ 38 633 97
+ 186 388 89
* 467 467 76
+ 34 798 62
* 50 548 65
* 685 712 12
* 329 805 89
* 620 653 11
* 116 649 57
* 44 752 16
? 559
* 390 609 48
+ 1 634 31
? 329
+ 373 638 51
+ 548 661 17
+ 106 609 22
* 311 450 82
? 93
* 443 732 11
? 233
? 456
+ 286 751 23
* 305 307 41
? 646
? 454
* 33 533 16
+ 520 713 77
* 475 695 70
* 248 719 74
+ 329 701 69
* 527 629 94
* 461 799 45
* 21 351 50
+ 71 531 76
+ 490 677 21
? 710
+ 231 505 63
? 169
+ 17 286 8
* 144 192 41
+ 215 360 37
+ 318 540 72
* 89 688 55
+ 326 551 5
? 626
* 174 484 71
* 124 374 45
? 733
+ 312 658 26
+ 173 174 49
* 266 336 26
+ 497 546 17
+ 85 672 77
+ 287 345 79
+ 309 553 73
* 312 486 35
? 416
? 154
? 795
* 485 620 81
+ 113 405 1
+ 480 724 33
+ 207 436 33
* 77 141 19
+ 159 761 29
* 449 473 97
* 3 48 5
+ 36 244 67
? 705
+ 105 508 33
* 123 462 41
? 462
* 608 763 99
? 286
+ 175 372 8
* 97 682 66
* 475 698 73
* 81 227 4
? 372
* 7 458 92
+ 382 749 3
* 262 688 9
? 562
+ 182 598 77
? 122
* 348 509 93
+ 97 124 41
* 468 616 87
* 396 598 57
* 30 414 33
+ 568 743 51
* 397 721 88
* 629 668 89
? 798
? 503
+ 147 544 4
+ 216 395 24
+ 86 265 47
? 504
* 490 743 66
+ 182 782 77
? 15
+ 463 786 18
+ 107 556 28
* 599 766 20
* 223 257 41
+ 264 656 94
? 472
+ 323 517 40
* 290 414 12
+ 370 686 45
+ 203 534 69
? 632
* 170 419 69
+ 332 507 41
* 301 633 33
+ 128 179 55
+ 155 661 71
* 227 512 37
* 62 735 6
* 157 363 18
+ 84 432 37
* 151 498 78
* 580 705 42
* 349 466 27
* 65 406 79
* 25 628 6
* 392 685 80
+ 83 97 40
? 522
? 347
? 801
* 86 342 100
* 263 700 41
+ 412 555 18
+ 605 622 31
* 506 733 75
+ 294 405 26
+ 264 470 78
* 225 552 63
* 337 386 36
* 546 737 54
* 589 806 41
+ 589 669 55
* 243 485 2
* 338 442 75
* 421 494 18
* 174 390 40
* 36 402 67
? 410
+ 170 271 29
+ 562 616 77
* 441 777 32
+ 505 689 2
* 130 712 6
+ 245 650 37
* 173 365 46
* 512 618 13
+ 61 574 19
* 543 650 88
+ 242 254 88
+ 68 699 62
* 509 568 19
+ 168 342 33
+ 158 804 29
* 382 677 58
? 506
? 483
+ 480 532 96
+ 138 251 13
+ 420 734 61
* 33 386 14
* 364 636 36
+ 23 286 58
* 476 720 72
+ 257 688 15
+ 31 712 59
* 231 723 56
+ 646 774 35
+ 49 420 95
? 609
+ 226 521 42
+ 27 651 60
+ 3 395 45
* 18 765 9
+ 686 697 95
* 50 582 70
* 221 746 55
* 46 667 82
* 647 718 28
+ 522 724 37
+ 273 643 27
* 210 801 60
+ 626 711 75
+ 534 697 79
+ 315 449 42
* 231 532 36
* 27 347 54
+ 4 233 44
* 459 587 57
+ 241 755 31
+ 262 304 70
* 408 658 48
+ 186 628 68
? 60
+ 113 134 41
* 199 260 80
+ 202 633 61
* 416 593 48
+ 182 754 47
* 476 614 41
? 563
* 517 731 29
+ 84 554 67
+ 260 755 53
+ 85 484 21
* 569 597 29
* 70 302 55
? 222
* 736 794 70
? 482
? 385
* 224 644 51
* 391 497 85
* 89 419 46
? 333
* 57 127 29
* 339 508 95
+ 520 684 55
? 362
? 239
+ 501 578 96
+ 158 734 31
+ 298 369 95
* 220 579 16
+ 413 660 5
* 334 739 92
* 343 397 93
* 481 580 89
+ 93 352 7
* 630 770 4
+ 535 684 7
+ 411 511 52
+ 68 523 5
+ 381 455 1
* 421 800 76
+ 54 367 32
* 483 552 44
* 49 65 42
+ 142 181 60
+ 17 30 3
* 64 529 52
+ 306 487 78
+ 239 426 83
+ 428 512 93
* 47 698 60
+ 271 460 52
+ 157 722 5
* 460 791 49
? 478
* 185 717 27
* 110 365 76
* 138 781 21
? 244
+ 449 679 2
? 613
* 107 462 36
* 59 494 14
+ 409 549 29
? 8
? 200
* 239 246 96
+ 75 566 3
+ 740 789 17
* 269 417 25
? 457
? 715
? 650
+ 391 499 89
? 192
+ 79 550 81
* 272 386 49
* 494 666 67
+ 295 767 24
+ 283 534 82
* 33 300 16
* 467 794 96
? 630
* 5 94 88
? 513
+ 291 481 10
* 221 662 83
* 13 121 85
* 244 677 9
* 605 701 56
* 261 339 17
+ 187 367 57
+ 428 622 9
* 176 592 99
+ 439 634 56
+ 433 495 24
* 74 456 46
+ 645 718 38
? 118
* 440 545 7
? 615
? 672
+ 498 598 48
+ 76 407 88
* 461 663 17
+ 96 695 29
* 348 538 71
+ 236 436 38
+ 175 598 23
* 212 239 46
? 604
+ 301 648 40
* 120 217 1
+ 63 412 71
+ 567 644 89
* 108 679 30
+ 730 793 47
+ 669 696 58
? 43
+ 4 516 82
? 769
? 286
* 328 694 49
* 3 681 87
+ 436 527 26
* 367 507 63
* 242 603 35
* 560 707 85
? 402
+ 559 729 79
? 561
* 296 394 1
? 65
* 429 431 1
* 333 602 11
+ 146 526 19
* 242 401 77
+ 474 555 34
+ 672 698 61
* 201 549 27
* 166 743 93
* 328 573 47
+ 617 788 34
* 502 657 10
* 572 802 42
* 7 703 89
* 8 673 74
+ 24 258 62
* 66 331 90
+ 184 442 44
? 315
? 578
* 83 565 65
+ 148 198 34
* 59 64 12
+ 477 650 64
+ 198 671 51
? 402
? 203
+ 196 314 3
? 531
* 311 520 84
+ 432 607 54
* 359 455 15
+ 240 434 65
* 184 525 88
* 196 249 44
* 30 175 60
? 706
* 94 172 42
* 315 325 59
+ 347 733 40
+ 185 798 82
+ 417 470 13
+ 104 432 58
* 426 664 30
+ 601 714 5
+ 167 694 76
* 467 799 18
? 544
+ 154 645 90
+ 490 495 14
+ 272 289 66
+ 35 484 99
* 427 686 40
* 204 318 23
+ 208 743 40
* 494 597 68
* 19 250 65
? 798
* 193 474 57
+ 739 763 41
+ 262 656 54
? 469
* 228 576 47
+ 7 275 47
* 356 412 60
+ 377 783 40
+ 321 368 8
+ 214 334 100
? 65
* 135 756 31
* 261 626 94
? 672
+ 490 570 36
* 11 317 75
+ 278 689 12
+ 1 242 71
+ 466 483 97
* 12 347 75
? 639
+ 163 745 100
+ 361 626 55
+ 189 286 55
? 430
+ 277 420 21
+ 61 328 82
? 414
* 371 719 9
+ 97 251 45
* 99 418 48
* 716 768 32
+ 4 758 84
+ 500 671 68
? 596
* 381 508 97
+ 620 734 68
+ 151 263 3
? 66
? 541
? 623
+ 426 788 37
* 407 658 59
* 460 595 68
+ 335 576 55
* 144 312 96
+ 572 803 77
* 78 324 2
? 366
* 509 614 33
+ 144 165 40
* 376 576 22
? 719
* 91 750 69
* 558 610 50
+ 36 758 72
* 629 648 25
+ 55 432 11
* 689 742 60
+ 384 490 63
? 90
+ 464 700 80
? 414
* 61 527 68
+ 29 705 21
* 241 460 15
* 334 473 29
+ 649 800 81
+ 355 535 10
+ 352 537 75
+ 603 611 90
+ 468 552 64
? 410
+ 75 167 73
+ 285 357 91
* 368 505 62
* 102 765 50
+ 461 803 63
* 164 300 19
? 609
* 677 775 47
+ 460 631 94
? 191
? 785
+ 79 123 22
? 367
+ 273 677 66
+ 264 474 72
* 50 452 71
+ 47 84 85
* 250 276 26
+ 46 246 57
? 316
? 727
* 61 492 26
+ 249 291 31
* 27 449 32
* 38 648 99
+ 458 770 42
+ 15 166 9
* 267 745 17
+ 588 797 27
* 275 625 37
+ 78 205 72
? 207
+ 205 506 61
+ 717 724 39
+ 39 261 10
* 623 766 99
+ 331 513 77
+ 683 736 65
+ 203 429 84
+ 30 505 55
* 125 157 49
* 199 655 58
* 209 758 53
* 290 689 61
* 189 642 81
* 29 287 84
* 96 418 31
+ 138 510 51
? 225
+ 17 769 36
* 741 778 47
+ 524 620 25
? 748
? 115
* 532 783 95
* 449 450 33
* 173 286 41
? 224
+ 207 806 89
+ 198 430 16
+ 236 532 37
+ 254 641 22
+ 16 701 22
? 301
? 134
+ 212 572 40
+ 309 802 17
* 171 359 9
* 22 591 55
? 431
? 581
+ 445 576 44
+ 92 346 69
+ 57 587 39
* 219 564 16
? 190
+ 675 780 61
* 274 411 67
+ 75 671 12
+ 264 325 71
* 590 701 20
* 74 125 94
+ 129 285 22
+ 499 577 1
+ 7 799 36
+ 321 565 6
* 77 755 15
? 100
+ 173 795 91
? 272
? 371
* 140 543 51
+ 206 777 84
? 505
+ 419 581 51
* 738 782 24
? 386
+ 304 575 13
+ 60 194 85
+ 333 719 72
? 164
+ 341 421 19
+ 675 721 44
+ 227 734 47
* 446 632 34
? 639
? 81
* 256 320 29
* 538 554 66
* 132 176 39
+ 269 442 36
+ 590 723 95
? 320
* 626 684 95
? 132
* 609 794 28
+ 281 285 49
+ 277 512 60
? 489
* 271 781 34
? 294
* 693 761 87
+ 52 427 74
+ 296 506 25
* 578 702 43
* 613 699 21
* 126 659 80
+ 214 655 10
? 806
+ 425 563 6
* 307 377 13
? 147
? 338
* 71 76 42
* 189 367 4
* 98 504 55
* 149 401 100
* 101 711 98
? 674
+ 335 670 89
* 455 800 5
+ 7 539 74
+ 64 659 64
* 645 647 32
+ 146 404 48
? 478
+ 183 669 56
* 368 405 23
* 179 545 37
* 233 345 18
* 33 272 31
+ 7 685 29
+ 509 677 64
* 187 613 17
+ 5 157 68
+ 171 400 97
+ 713 716 71
? 730
* 450 513 53
+ 450 644 77
* 274 660 75
* 503 734 59
+ 80 575 27
* 292 392 48
+ 175 505 28
? 314
+ 262 799 8
+ 354 701 3
? 698
+ 89 710 45
+ 75 802 43
* 173 474 79
+ 327 371 7
* 289 661 36
+ 54 703 54
* 374 681 92
+ 380 784 9
* 307 765 60
* 531 582 26
+ 489 687 38
? 545
? 400
* 185 790 13
+ 249 591 50
* 350 447 88
+ 107 320 80
+ 120 330 52
+ 227 464 71
* 226 240 84
? 140
? 14
* 75 80 29
* 269 292 72
? 639
+ 600 767 41
* 509 765 63
+ 539 743 1
* 316 791 27
? 238
* 588 667 63
* 426 608 6
+ 206 595 94
? 394
+ 90 117 77
+ 749 771 62
+ 359 522 67
* 128 615 99
+ 20 479 64
* 278 475 84
+ 421 799 38
? 666
+ 318 449 55
* 50 749 6
+ 102 787 46
* 191 219 78
? 693
+ 201 438 100
+ 129 441 66
* 656 668 2
? 717
* 668 672 14
* 625 788 4
* 166 571 95
+ 464 741 73
+ 442 616 25
? 306
+ 526 677 46
+ 208 343 71
* 696 801 63
+ 146 450 74
* 568 804 76
* 7 454 76
+ 23 561 43
* 366 462 49
* 4 580 22
* 223 750 56
* 87 165 86
* 211 236 14
* 163 342 96
+ 464 529 63
* 142 498 10
+ 98 428 41
+ 50 665 56
+ 240 308 29
+ 571 635 100
? 86
? 520
? 18
+ 2 286 78
? 276
? 635
? 413
* 112 298 3
+ 185 444 95
* 440 680 94
* 15 688 34
+ 603 804 10
* 679 684 89
* 400 709 98
* 521 722 3
+ 163 223 46
? 431
+ 234 445 71
+ 7 242 90
+ 529 795 72
* 241 648 36
* 146 480 82
* 322 494 53
* 216 403 99
+ 59 275 98
+ 4 74 97
* 4 518 34
+ 49 798 82
* 164 553 33
+ 125 617 35
+ 345 397 94
* 387 584 16
+ 176 344 84
+ 118 201 93
* 191 544 27
* 251 564 25
+ 302 678 46
+ 74 436 11
+ 10 745 95
+ 97 571 58
* 168 474 56
* 183 672 21
+ 234 590 94
* 80 135 4
* 664 701 43
? 227
? 74
+ 199 505 66
+ 357 475 42
? 527
* 310 631 83
* 143 144 19
? 760
* 417 421 8
* 741 785 13
+ 300 702 27
* 601 738 62
* 18 715 50
+ 232 308 58
* 446 523 51
* 329 372 17
+ 403 787 46
* 444 576 1
+ 360 498 47
+ 218 522 81
* 189 695 51
* 442 472 70
* 107 447 34
* 48 72 43
? 552
? 369
* 342 659 58
* 531 603 8
+ 43 657 11
? 260
* 309 366 93
+ 715 757 33
+ 169 419 99
* 427 726 56
+ 324 520 83
+ 101 160 60
+ 568 738 18
* 432 585 6
+ 482 612 42
? 393
+ 338 661 28
+ 97 132 12
+ 67 234 48
* 268 650 59
? 45
+ 108 494 10
? 87
? 666
? 179
+ 206 794 28
* 4 141 27
? 207
? 334
+ 602 682 18
? 785
+ 313 477 78
* 727 748 49
* 328 714 64
* 243 655 73
? 703
+ 707 748 18
* 441 621 59
+ 154 195 76
? 722
+ 37 436 97
+ 278 676 82
+ 432 670 53
+ 255 706 17
? 718
+ 3 335 78
? 363
+ 330 503 2
+ 312 475 70
* 70 510 73
* 15 17 18
? 125
? 671
+ 42 673 59
+ 721 742 55
+ 217 523 84
+ 59 153 92
? 204
? 37
+ 172 494 84
? 684
+ 549 554 24
* 347 611 100
* 309 584 79
* 165 188 99
* 171 503 79
+ 306 377 98
? 82
* 27 636 75
? 637
* 594 697 35
? 701
* 707 775 74
? 201
+ 335 591 85
* 224 506 66
? 271
* 222 448 46
* 438 600 28
+ 136 309 21
* 267 318 55
+ 1 55 28
? 120
+ 164 788 65
? 270
* 190 276 14
* 197 244 52
* 178 336 22
* 90 183 99
* 80 755 81
+ 474 690 79
* 270 317 80
+ 116 630 15
+ 61 91 7
* 546 766 89
+ 546 773 30
* 558 652 83
* 256 346 49
+ 192 798 8
+ 195 545 95
+ 14 84 81
* 400 807 30
? 268
+ 404 667 77
+ 266 284 80
? 299
* 215 753 43
* 96 186 29
+ 122 660 39
+ 532 630 40
* 572 696 99
+ 199 285 85
* 442 541 3
+ 251 514 48
? 361
* 204 213 16
* 349 362 51
? 775
* 233 761 41
? 357
* 626 739 70
* 76 247 98
? 449
+ 595 662 21
+ 32 93 1
* 357 515 88
* 651 667 48
* 205 549 85
? 466
+ 324 584 36
* 347 389 42
* 162 650 49
? 518
* 21 565 58
+ 161 392 96
? 597
* 471 506 6
+ 115 655 84
* 192 765 82
+ 640 713 13
+ 80 733 23
+ 456 575 60
+ 400 727 81
* 91 551 46
* 164 223 46
* 198 734 97
+ 89 132 56
? 201
* 157 617 51
* 44 699 44
* 31 143 98
* 5 538 48
* 56 311 3
* 382 705 38
? 416
? 233
+ 638 647 34
+ 7 633 6
+ 453 540 96
+ 198 342 37
* 100 591 38
* 255 430 8
* 335 749 57
* 241 286 61
+ 68 410 29
+ 69 159 58
+ 358 577 6
* 224 636 48
* 123 214 20
* 645 724 22
? 602
* 46 741 71
+ 499 520 44
+ 16 248 29
* 105 699 13
? 754
+ 1 509 50
* 368 789 7
* 56 280 9
* 378 666 89
? 467
+ 5 440 58
* 112 491 44
+ 148 278 39
* 44 794 62
* 58 418 70
+ 161 416 71
+ 380 473 31
* 143 324 9
* 419 539 81
? 403
* 250 390 83
* 178 706 39
+ 31 427 88
* 34 89 61
* 219 313 9
+ 224 232 71
+ 50 770 94
* 260 784 80
* 271 770 20
+ 365 619 27
* 114 574 42
+ 369 671 74
* 577 658 7
+ 103 545 52
+ 305 570 1
+ 564 578 84
? 126
+ 72 541 81
* 62 290 60
* 666 773 8
* 52 312 55
* 41 564 82
* 345 798 14
* 46 801 95
+ 254 776 48
+ 134 722 43
+ 134 805 18
* 235 554 77
? 245
* 77 448 92
? 283
? 519
? 250
+ 244 386 77
? 300
* 415 701 7
+ 268 646 85
? 111
+ 285 299 65
* 62 708 70
+ 508 788 64
+ 227 458 61
? 642
* 395 517 52
+ 88 490 77
? 228
* 18 710 1
* 362 766 67
+ 414 631 53
* 291 533 90
+ 447 638 91
+ 149 420 24
+ 33 121 79
+ 380 675 88
+ 78 573 51
+ 395 710 70
+ 626 744 7
+ 146 541 48
+ 79 204 29
* 266 743 42
* 76 200 58
+ 723 762 56
* 48 195 58
* 350 415 36
* 385 601 22
? 192
? 488
* 11 798 98
+ 86 360 96
+ 256 623 66
+ 199 202 14
* 104 478 6
* 305 353 90
+ 286 672 45
* 255 795 58
+ 199 277 49
+ 746 787 29
+ 370 711 75
+ 178 705 5
? 579
+ 285 388 76
+ 403 745 60
+ 320 572 37
? 258
+ 150 730 39
+ 195 320 53
* 610 795 17
? 114
+ 11 504 39
* 207 250 69
+ 140 668 92
+ 171 556 8
* 242 408 80
* 54 219 53
? 722
+ 414 418 54
* 499 803 60
* 128 252 63
+ 351 696 33
+ 68 610 14
? 671
? 771
+ 207 537 17
+ 319 535 62
+ 548 589 28
* 533 681 83
+ 374 675 7
+ 368 689 93
* 222 374 23
* 385 779 38
* 463 565 32
+ 584 615 3
? 660
+ 369 759 58
+ 76 642 87
+ 447 555 61
* 283 309 3
? 613
* 15 274 70
* 135 379 4
+ 101 563 61
* 249 629 3
? 645
+ 69 759 32
* 66 312 9
? 729
* 204 523 89
+ 34 657 90
* 775 804 73
* 204 732 27
? 526
+ 785 807 36
+ 309 456 57
+ 108 784 51
* 65 357 21
* 260 392 59
? 464
* 574 769 58
? 394
+ 120 796 66
? 381
* 331 357 48
* 156 206 100
+ 234 525 58
+ 242 523 33
+ 503 525 41
+ 87 240 75
* 364 640 96
? 438
* 11 435 43
* 109 294 55
? 659
* 790 796 59
* 576 676 63
+ 325 470 92
+ 182 437 63
* 211 767 27
* 19 402 10
+ 247 501 48
+ 59 382 21
+ 241 523 60
* 215 224 36
* 423 467 44
+ 167 176 55
? 685
+ 221 603 2
* 505 516 60
* 481 660 56
+ 328 451 63
+ 295 585 27
+ 65 713 19
* 652 698 73
+ 186 541 44
+ 357 457 86
+ 374 631 10
+ 496 589 25
+ 233 364 100
? 16
? 131
? 198
* 380 383 42
+ 143 636 20
* 269 595 49
* 327 365 55
? 397
+ 374 459 43
+ 436 483 51
* 568 649 96
* 511 763 50
* 142 346 66
+ 406 706 76
+ 511 553 1
? 592
* 168 220 33
* 428 755 40
+ 32 46 42
? 187
? 802
+ 21 543 67
* 67 174 66
? 658
+ 17 71 40
+ 67 739 18
? 389
* 293 555 49
+ 575 692 48
* 431 489 10
+ 221 406 50
+ 91 288 85
* 234 550 97
+ 242 757 2
? 490
* 374 471 26
* 65 207 26
* 148 363 31
? 296
+ 95 278 45
+ 342 361 40
+ 557 623 6
+ 194 482 58
* 376 765 28
? 366
* 673 730 49
? 18
* 457 504 85
+ 19 372 94
* 278 514 4
? 107
+ 102 713 78
* 113 642 84
+ 648 701 91
* 454 727 48
* 140 667 73
+ 300 618 33
+ 629 669 56
* 300 434 99
* 55 131 8
* 309 347 2
? 768
+ 100 618 25
? 428
+ 187 555 15
? 680
* 149 155 50
* 466 728 57
? 85
* 10 680 18
* 175 449 82
+ 456 621 3
+ 83 638 93
* 377 782 84
? 684
+ 236 357 98
* 179 482 44
? 773
* 383 614 46
+ 227 645 13
+ 641 649 74
* 9 744 75
+ 166 388 62
* 312 788 48
+ 732 752 77
* 59 508 2
+ 68 142 89
? 128
* 296 713 43
? 304
* 413 519 37
? 543
+ 488 593 97
? 621
+ 331 717 11
* 54 571 33
+ 388 764 30
+ 113 494 11
+ 642 743 15
* 150 601 43
? 548
* 293 720 82
* 204 467 10
* 534 547 91
? 233
* 332 493 49
+ 13 318 30
* 162 501 24
* 76 131 53
+ 768 769 87
* 393 646 92
? 634
+ 96 161 80
* 410 660 75
* 59 361 56
? 278
* 92 699 100
+ 388 645 70
+ 152 282 12
* 735 762 50
+ 125 548 79
* 509 586 58
+ 26 147 33
+ 545 730 12
+ 287 509 5
+ 47 526 54
* 67 207 81
+ 70 417 16
* 238 738 29
? 138
? 38
+ 423 428 57
? 641
* 65 360 56
+ 107 491 45
? 269
+ 397 416 89
+ 442 703 26
? 479
+ 618 743 43
+ 330 543 75
+ 129 425 36
? 370
? 729
* 160 181 24
? 676
+ 432 501 59
* 377 501 18
+ 194 449 83
* 102 608 64
? 313
? 182
* 341 749 23
+ 361 631 51
+ 37 725 16
+ 365 601 4
+ 87 743 41
+ 342 748 67
* 305 652 94
* 22 661 3
* 43 743 51
? 421
+ 75 628 97
+ 186 404 55
+ 61 215 49
* 361 394 61
+ 395 722 8
+ 104 182 45
+ 187 494 49
* 573 717 91
+ 197 661 51
+ 67 363 37
* 586 675 49
* 210 593 26
* 338 470 84
+ 65 804 52
+ 173 504 82
* 307 574 5
+ 299 301 52
? 787
* 173 572 27
* 245 744 49
* 331 554 95
* 326 799 79
* 637 791 59
? 131
+ 623 791 45
* 157 603 90
* 389 572 22
* 143 392 78
? 225
+ 157 358 55
+ 160 733 12
* 345 643 29
+ 318 541 6
+ 12 248 63
+ 231 304 41
? 562
* 463 560 92
+ 109 765 68
* 457 777 92
* 81 171 46
+ 140 669 84
* 512 556 17
+ 574 712 68
? 491
? 473
+ 240 250 17
* 357 553 53
* 334 735 66
+ 193 733 29
* 391 717 60
+ 146 171 73
* 585 734 18
+ 294 571 25
+ 73 413 77
? 322
* 271 356 4
+ 43 577 22
* 313 732 45
? 351
+ 133 369 67
? 156
? 618
* 212 472 39
* 291 393 30
? 154
* 322 494 30
* 457 574 21
+ 172 247 8
* 114 604 20
* 525 673 34
+ 420 633 84
* 87 434 68
+ 179 492 55
* 233 644 64
* 192 779 96
* 652 694 59
? 331
? 435
* 42 231 6
+ 218 691 18
+ 349 801 85
? 77
* 240 697 9
+ 669 772 53
? 34
* 371 680 48
+ 253 267 27
+ 355 694 80
? 15
* 62 390 99
? 468
* 72 274 61
* 34 538 95
* 81 180 27
* 273 440 17
+ 664 726 15
? 568
? 733
+ 295 796 42
? 712
? 313
? 447
+ 54 619 83
+ 207 233 28
? 207
? 331
+ 473 712 31
+ 124 158 8
* 110 240 4
+ 459 620 53
? 219
* 451 638 51
+ 365 387 40
+ 257 713 56
+ 86 520 31
* 744 778 15
+ 27 31 86
+ 363 537 13
+ 663 694 44
* 145 387 29
* 34 454 54
? 134
? 154
+ 306 652 2
* 180 562 62
* 724 779 36
+ 300 344 92
+ 513 581 91
+ 521 564 73
* 404 713 99
* 666 784 53
+ 122 456 95
* 446 608 85
* 558 740 29
+ 131 718 36
+ 300 616 91
? 522
+ 171 499 34
? 626
+ 127 179 76
* 157 256 3
+ 270 377 71
+ 334 565 90
+ 420 757 95
? 111
* 101 560 32
* 5 180 49
* 92 146 73
* 302 303 93
* 455 583 38
* 378 650 55
+ 35 82 98
* 514 784 87
+ 664 712 41
* 732 787 36
+ 396 399 78
+ 734 777 35
* 414 585 2
* 312 487 99
* 365 513 44
? 136
+ 247 709 58
+ 127 245 47
* 182 453 46
+ 81 731 88
* 604 668 73
* 599 770 1
+ 61 806 20
* 155 273 59
+ 594 603 2
? 346
* 268 483 22
+ 734 775 58
? 737
+ 27 338 94
* 396 765 99
+ 321 388 40
? 61
* 2 251 64
+ 33 46 96
+ 635 737 93
+ 21 747 2
? 786
+ 739 796 53
? 509
+ 326 452 58
? 774
+ 59 806 18
+ 578 704 18
? 218
+ 241 690 88
+ 264 290 71
+ 186 538 32
+ 143 603 99
* 288 539 97
+ 116 703 20
* 275 644 96
+ 115 268 57
+ 242 341 51
* 457 695 9
? 676
? 100
* 24 625 90
+ 226 286 66
+ 392 666 17
* 313 434 21
? 224
* 598 761 47
? 466
* 76 464 38
? 249
? 88
* 121 655 84
+ 409 442 55
* 26 551 24
* 116 773 77
? 423
* 186 728 4
+ 336 480 69
? 298
+ 579 767 42
+ 32 67 89
? 693
+ 500 611 51
+ 210 562 60
+ 57 238 76
+ 555 751 13
+ 327 724 73
+ 469 631 3
* 51 267 4
* 187 316 66
? 97
? 96
+ 211 511 76
+ 301 455 47
* 41 109 58
* 427 575 10
+ 31 345 30
+ 580 598 87
+ 220 375 55
+ 442 604 91
* 213 681 7
? 134
* 174 709 69
+ 683 741 34
* 652 768 95
? 177
* 319 386 5
+ 137 644 63
? 519
* 102 763 56
* 514 635 31
* 10 685 63
+ 162 796 69
+ 336 507 25
+ 80 777 83
+ 230 541 41
* 172 486 64
+ 207 620 27
* 3 741 88
* 288 569 2
? 658
+ 482 627 35
+ 605 629 85
* 225 780 78
* 81 746 36
+ 376 775 32
* 340 671 24
+ 183 673 99
+ 189 377 57
* 624 804 3
* 187 508 54
? 699
* 230 666 67
* 477 479 57
? 184
* 114 348 70
+ 198 662 25
* 445 788 46
* 528 708 85
* 582 695 57
+ 7 156 76
? 329
? 295
+ 397 469 19
* 349 386 97
* 261 335 44
* 412 572 1
+ 13 508 7
+ 190 268 22
* 65 753 66
* 166 411 79
? 800
+ 130 328 82
+ 56 353 45
* 75 386 41
+ 258 344 75
? 289
? 140
? 417
* 88 409 81
? 694
+ 165 338 44
? 518
? 222
* 138 635 7
+ 260 444 70
* 66 680 98
* 545 613 50
* 47 680 85
? 592
+ 224 751 83
* 341 805 8
* 500 661 80
+ 266 653 44
+ 22 601 88
* 25 519 86
+ 41 682 38
? 116
* 298 665 40
* 475 668 97
+ 289 654 77
+ 239 299 82
* 426 509 91
* 282 340 95
+ 570 594 78
+ 212 604 58
+ 451 539 74
+ 28 498 74
* 189 743 37
+ 102 582 32
* 226 639 70
? 770
* 16 506 65
+ 67 611 88
* 545 662 75
* 276 513 36
* 455 499 84
* 179 557 7
? 649
* 119 189 54
+ 365 784 59
* 50 666 64
+ 171 787 47
* 104 390 38
* 205 425 65
? 654
* 614 688 17
? 87
? 223
+ 730 748 86
* 190 232 18
? 698
? 698
? 424
+ 44 470 58
* 123 587 37
* 399 565 67
* 231 487 59
* 92 621 47
+ 199 449 43
* 285 452 45
* 259 363 55
? 389
? 5
? 663
+ 184 367 55
+ 386 480 73
+ 320 521 95
? 462
* 271 288 44
? 633
* 214 403 32
+ 530 784 82
+ 49 572 51
+ 366 663 66
* 338 679 9
? 1
? 337
* 224 640 26
* 288 334 70
* 66 769 73
+ 521 784 98
* 308 749 3
* 179 537 4
* 272 705 3
* 487 537 57
? 338
+ 142 466 36
+ 25 468 90
? 617
* 285 796 40
* 417 483 13
+ 30 196 41
+ 229 696 5
+ 706 769 69
? 573
* 356 367 61
* 653 754 48
+ 143 622 37
+ 358 428 25
* 261 426 96
+ 73 223 17
? 780
+ 181 356 62
+ 425 765 41
? 81
+ 455 785 9
+ 606 751 81
+ 413 439 57
+ 372 449 93
? 471
+ 489 690 76
+ 388 444 23
? 207
+ 245 384 43
* 777 803 85
+ 448 513 38
+ 185 560 81
* 213 528 22
* 13 277 34
* 308 445 13
* 685 797 45
* 28 409 74
* 177 797 90
? 692
? 585
+ 442 594 99
* 73 97 30
+ 19 177 65
* 319 673 57
? 348
* 524 794 4
* 409 516 16
+ 86 104 2
? 18
* 50 376 93
+ 230 402 67
* 443 646 76
+ 103 132 4
? 541
+ 122 633 63
+ 87 596 44
+ 245 736 99
+ 327 571 68
* 229 537 55
+ 480 626 36
* 100 687 20
+ 227 584 87
+ 58 742 52
* 187 398 64
? 142
* 212 264 75
+ 371 577 60
? 313
+ 12 452 46
? 748
+ 524 732 80
* 170 571 3
? 554
* 607 653 1
+ 397 760 8
* 107 467 97
+ 260 715 12
? 625
+ 202 586 62
+ 202 377 7
+ 477 487 36
* 57 265 62
? 523
+ 684 699 54
? 77
? 603
* 613 646 91
+ 326 337 43
+ 130 377 76
? 243
+ 160 675 28
+ 139 626 66
* 241 352 66
? 79
* 372 596 71
+ 671 728 78
+ 78 384 41
* 122 395 56
+ 173 794 1
? 180
? 156
+ 536 650 85
? 53
? 4
+ 558 708 67
+ 622 737 68
+ 260 455 55
* 383 562 31
? 380
+ 108 717 63
? 770
* 264 527 41
? 766
* 75 422 10
+ 301 505 3
* 391 704 24
? 770
? 421
* 25 344 10
+ 648 665 29
? 465
* 80 701 44
? 782
* 310 766 52
* 185 737 67
* 101 417 72
+ 257 460 32
? 580
* 399 573 61
+ 16 757 80
? 716
* 64 413 33
* 90 375 87
+ 254 621 52
* 401 492 13
? 732
? 761
* 8 776 2
+ 343 368 35
* 9 353 43
* 352 637 100
+ 81 401 46
+ 501 735 15
? 559
+ 408 695 12
+ 146 335 84
* 487 615 60
* 38 151 54
* 290 297 75
? 225
* 142 754 86
+ 47 65 41
* 400 597 56
? 118
* 474 646 43
? 49
* 338 638 92
* 45 265 48
* 149 778 31
* 367 735 55
+ 116 419 88
* 30 95 64
+ 258 767 96
* 589 653 100
* 308 755 83
* 233 405 21
+ 750 790 34
? 164
+ 100 274 80
+ 24 168 98
+ 118 180 43
* 341 387 18
+ 477 506 57
* 459 657 22
+ 732 761 80
* 363 630 96
? 735
+ 45 70 28
* 53 522 10
* 43 129 25
+ 309 643 57
+ 182 348 88
* 386 776 11
? 264
? 590
+ 382 426 28
* 173 676 93
* 278 597 38
? 184
* 27 373 82
+ 155 725 43
? 260
+ 369 434 59
? 366
+ 295 380 63
+ 225 785 95
* 590 728 79
+ 391 468 99
? 246
+ 15 529 69
+ 165 590 60
+ 484 752 76
+ 14 207 79
* 78 331 59
? 468
* 48 312 89
+ 158 206 15
* 334 693 91
* 127 307 42
* 10 350 34
+ 164 385 55
* 467 520 44
? 406
+ 405 674 59
* 234 313 29
* 346 752 22
* 256 375 16
? 419
* 84 608 49
* 651 693 50
+ 462 551 3
+ 5 774 22
+ 532 543 76
* 761 774 48
* 228 311 30
* 158 577 20
+ 270 772 58
* 74 156 59
+ 250 250 43
+ 10 735 63
+ 337 758 8
* 90 97 60
+ 98 385 56
? 731
+ 681 728 69
* 177 235 54
? 29
+ 499 717 39
* 508 543 9
+ 405 672 67
+ 332 664 40
* 172 595 62
+ 219 712 18
? 249
* 221 748 31
+ 83 681 92
+ 81 291 37
? 412
* 110 214 54
* 254 513 29
+ 249 301 53
? 189
* 353 775 61
? 396
+ 113 686 32
+ 598 722 66
+ 263 667 77
* 652 693 48
+ 123 354 88
* 114 704 44
+ 13 491 24
+ 308 635 9
* 675 694 100
? 485
* 170 370 48
? 366
+ 57 558 50
+ 357 500 56
* 716 724 76
+ 197 245 36
+ 155 391 18
? 602
+ 129 576 34
* 71 317 76
? 515
? 235
* 152 634 33
* 364 631 80
+ 134 660 37
+ 245 275 68
+ 159 773 82
* 24 403 24
* 191 630 9
? 209
? 73
* 142 184 99
? 495
* 33 770 10
+ 15 396 55
? 704
? 577
* 386 517 36
* 93 255 6
+ 35 757 36
* 85 233 18
? 322
* 154 717 16
+ 126 232 33
* 71 314 67
* 321 749 40
? 783
* 47 537 76
* 136 342 69
+ 1 270 82
? 776
+ 155 522 21
+ 71 177 77
+ 309 743 73
* 180 546 30
* 263 432 27
* 187 498 37
+ 151 476 75
+ 100 580 34
? 540
* 146 475 62
* 83 109 68
* 106 189 14
+ 386 543 85
+ 325 522 47
* 61 70 26
+ 119 341 70
* 226 767 62
? 612
+ 306 643 32
? 41
* 460 538 34
* 68 163 21
* 312 691 20
* 371 530 56
+ 136 718 22
? 778
+ 23 553 1
+ 311 581 69
+ 185 771 43
+ 184 343 19
* 110 786 56
+ 373 736 32
* 74 207 31
? 651
+ 176 424 29
? 202
+ 260 540 27
+ 559 629 77
+ 268 321 63
+ 457 532 7
* 88 349 19
* 29 730 28
? 13
+ 102 114 54
* 85 711 98
+ 98 342 22
* 531 750 26
? 30
* 248 686 97
* 410 726 86
* 214 263 49
+ 189 538 18
+ 62 602 27
* 95 550 31
* 164 651 17
? 557
* 318 434 4
* 19 57 54
* 318 683 52
+ 240 796 58
+ 262 289 77
* 400 792 66
? 515
* 141 636 96
? 692
+ 80 501 91
* 171 461 39
* 365 744 46
+ 139 405 66
? 231
* 59 180 70
* 207 421 91
* 496 551 21
* 234 490 42
* 683 695 12
+ 676 679 67
? 155
+ 335 648 95
+ 151 490 80
* 266 797 80
* 448 529 16
* 150 464 67
+ 10 545 85
+ 183 299 46
+ 21 585 90
+ 222 717 24
* 789 802 14
+ 223 240 96
+ 58 251 25
* 38 136 56
+ 451 710 90
+ 112 282 15
? 372
? 736
* 512 592 7
* 293 527 30
* 4 648 56
* 382 756 99
? 526
+ 323 649 72
+ 79 196 29
+ 655 672 72
? 375
+ 40 801 19
+ 411 678 24
? 732
? 187
+ 28 616 23
* 195 489 60
+ 130 218 2
+ 150 224 37
+ 103 501 36
+ 122 476 75
+ 373 714 75
? 667
* 348 675 93
* 175 647 32
* 542 803 78
? 486
* 351 682 28
+ 253 646 66
* 271 719 75
* 109 119 10
? 597
* 128 711 75
+ 581 614 7
? 489
+ 77 326 92
? 167
+ 190 279 75
? 291
* 99 162 76
* 19 92 10
* 185 439 26
+ 260 265 54
+ 295 344 32
* 580 800 89
+ 445 504 64
? 336
+ 354 422 57
+ 244 379 59
+ 610 685 27
+ 59 171 60
* 268 469 13
+ 685 733 97
+ 25 457 17
* 598 756 74
* 247 764 68
? 456
+ 627 760 91
? 62
* 85 568 90
* 403 790 79
* 53 300 10
+ 209 616 56
* 187 511 43
* 436 499 34
+ 581 757 5
* 313 619 63
? 742
* 234 683 5
* 503 740 47
+ 740 794 69
? 422
* 564 761 75
* 368 760 91
+ 560 762 41
* 166 734 33
* 518 648 22
* 78 371 100
* 295 308 81
+ 48 407 70
? 269
* 223 605 75
* 14 267 82
+ 46 315 66
+ 271 455 10
+ 741 758 70
* 242 278 97
* 574 656 90
+ 37 518 85
+ 177 593 9
+ 481 606 66
? 751
+ 192 527 91
* 511 792 8
+ 551 688 51
* 378 696 81
* 559 604 67
* 145 297 15
+ 609 630 89
+ 1 408 30
? 626
* 506 636 50
* 351 692 16
+ 47 318 27
* 442 708 16
? 265
* 60 162 40
? 36
+ 494 805 42
+ 34 688 42
+ 676 738 31
? 494
+ 394 788 28
* 275 287 95
* 212 660 28
* 370 500 21
* 660 749 13
