728 2898 29
+ 222 678 49
? 92
+ 131 621 33
+ 129 325 64
+ 263 292 36
+ 522 680 91
+ 141 226 76
+ 32 169 97
? 706
* 108 687 66
+ 94 418 3
* 62 199 15
+ 235 648 15
+ 604 652 41
* 424 703 84
* 381 720 23
+ 321 570 25
* 298 321 38
+ 366 675 8
+ 130 200 94
? 266
+ 241 653 11
* 15 143 57
+ 234 511 42
+ 443 603 12
* 607 637 49
? 608
+ 322 402 84
? 434
* 154 585 55
* 375 536 23
* 466 689 43
* 536 678 89
* 239 436 24
* 97 642 59
* 373 595 37
? 412
* 58 468 34
* 63 564 18
* 253 460 81
+ 236 521 67
* 116 491 96
+ 356 419 71
+ 400 697 94
? 578
+ 285 335 78
? 459
+ 47 375 66
? 441
+ 75 177 30
+ 163 713 65
+ 160 464 3
* 87 692 29
* 409 628 41
+ 212 251 17
* 147 599 41
+ 263 361 42
* 183 391 35
+ 175 428 81
* 128 324 69
* 376 515 92
+ 305 464 97
* 231 384 58
? 254
? 423
? 432
+ 459 478 86
? 199
* 122 567 68
* 39 383 31
* 452 470 52
* 11 97 53
* 113 404 83
? 590
? 23
* 241 580 94
* 213 327 79
* 541 668 75
* 197 725 12
* 229 383 56
* 203 561 22
? 456
+ 569 674 32
* 364 607 5
+ 64 221 32
* 79 312 19
? 307
* 10 648 48
+ 75 321 71
* 533 580 5
* 248 480 67
+ 263 358 2
? 541
+ 689 698 11
? 489
+ 154 482 38
? 60
+ 227 639 56
+ 25 203 96
* 345 443 85
? 158
? 327
* 281 465 82
+ 269 395 76
* 294 320 59
? 43
+ 245 513 41
* 295 705 68
+ 31 567 31
+ 459 632 15
+ 33 695 87
? 326
* 488 590 72
* 243 420 52
+ 84 410 5
* 15 683 71
* 496 614 69
? 334
+ 372 547 36
* 300 516 78
+ 184 498 74
* 427 578 41
? 592
? 657
+ 414 428 96
+ 204 524 93
+ 69 301 70
+ 102 473 34
+ 162 439 50
+ 108 475 82
+ 321 500 99
+ 12 559 9
? 452
* 25 233 99
* 563 569 31
* 120 273 15
+ 97 372 2
* 327 354 2
? 365
* 524 524 88
* 618 716 73
+ 143 392 33
+ 280 482 93
+ 69 512 30
+ 197 579 50
? 141
+ 457 536 37
* 55 395 96
+ 156 166 93
* 203 277 6
* 22 469 76
? 472
? 564
* 311 537 15
* 285 580 10
* 221 529 65
+ 365 684 72
* 1 120 5
* 575 612 87
* 535 690 39
+ 278 582 18
* 297 300 77
* 410 445 67
* 159 724 65
* 130 144 3
+ 105 331 17
* 470 551 78
? 630
+ 39 201 84
* 266 384 45
* 192 585 14
* 107 218 43
* 34 147 74
? 375
? 233
* 396 710 25
+ 76 340 23
? 408
* 75 599 82
+ 120 160 81
* 263 542 21
? 189
+ 693 726 55
* 227 600 45
+ 117 437 16
+ 486 626 85
* 561 688 54
* 51 71 89
+ 128 570 18
* 402 487 48
? 111
+ 227 292 59
? 189
+ 33 269 21
+ 383 561 100
* 78 471 90
* 134 537 98
? 269
* 9 190 92
* 377 489 100
* 628 706 30
* 37 562 16
+ 115 613 92
* 254 473 46
? 372
+ 489 562 66
* 289 334 30
* 247 728 21
+ 157 265 15
+ 163 302 37
* 102 686 37
+ 34 483 60
? 563
+ 124 210 100
? 328
* 678 709 57
+ 19 591 20
? 232
? 312
* 265 517 36
+ 219 383 69
* 252 403 44
+ 575 719 32
+ 466 529 45
* 426 651 1
? 111
* 260 499 44
+ 382 450 92
* 510 578 36
* 14 207 59
? 608
* 280 299 49
* 331 658 65
* 109 348 18
? 363
* 331 640 74
+ 278 529 59
+ 107 190 38
* 149 462 61
+ 99 645 29
* 237 317 61
? 723
+ 325 403 91
* 189 495 15
+ 30 286 68
? 51
+ 60 607 65
* 500 658 80
+ 2 279 87
+ 509 579 1
+ 81 383 86
* 138 152 33
+ 680 703 98
? 346
? 175
* 55 473 2
* 126 494 52
? 18
+ 218 699 95
* 106 183 49
* 130 248 18
+ 330 697 46
+ 494 543 35
* 449 676 92
* 101 408 85
* 273 633 98
* 64 622 49
+ 548 688 91
* 346 449 59
? 435
+ 155 270 56
+ 207 682 65
+ 74 564 46
* 369 706 8
* 133 367 84
? 454
* 596 704 31
+ 300 485 87
? 691
+ 489 621 71
+ 211 528 19
+ 651 686 34
+ 415 576 99
+ 35 218 44
+ 597 657 78
* 323 727 84
+ 135 354 26
+ 433 668 88
+ 117 481 77
* 85 107 63
* 488 687 76
* 296 376 28
* 377 472 71
* 382 420 8
? 50
+ 38 615 22
? 593
* 678 683 99
* 46 320 48
* 266 467 17
* 173 719 19
* 293 333 94
+ 388 445 16
+ 79 672 48
* 677 693 61
+ 409 522 45
* 419 624 56
+ 360 491 51
+ 301 521 59
? 645
+ 365 596 45
* 53 239 92
+ 178 620 59
+ 38 444 57
* 180 669 49
* 203 601 45
* 257 391 76
+ 236 548 29
+ 615 668 66
? 592
+ 180 225 69
* 335 397 4
? 207
+ 118 468 48
* 454 583 92
+ 22 660 32
* 285 425 32
? 604
+ 2 387 3
+ 204 415 29
? 154
* 22 362 90
* 641 715 58
* 219 598 20
+ 263 418 89
? 265
* 374 472 52
+ 184 712 59
* 157 308 95
* 201 207 41
* 275 290 99
+ 341 716 66
+ 221 558 24
+ 441 625 89
* 637 694 73
* 282 512 2
* 401 462 62
* 464 691 13
? 440
+ 275 532 88
+ 268 614 22
+ 211 376 89
+ 23 573 30
* 103 552 7
+ 429 628 51
+ 543 669 17
* 452 459 5
? 331
? 659
+ 480 522 65
* 482 726 32
* 196 283 52
? 493
* 218 434 37
* 340 496 61
+ 145 327 79
+ 14 337 79
+ 56 718 82
* 67 460 48
? 470
? 530
* 418 644 24
? 96
+ 294 351 26
* 586 591 35
* 307 390 21
+ 445 603 14
* 102 342 78
+ 89 573 56
+ 350 719 4
* 430 560 89
? 19
+ 197 377 7
? 93
? 345
? 452
? 118
+ 20 586 71
+ 414 536 32
? 125
+ 335 554 92
+ 512 630 7
+ 211 373 87
* 148 232 22
? 123
* 237 418 27
* 99 690 10
* 547 584 24
* 444 624 13
+ 668 701 64
+ 143 406 100
* 223 555 49
+ 352 667 4
+ 296 456 5
+ 303 421 81
* 423 593 27
+ 309 349 31
+ 678 683 60
+ 286 713 12
+ 180 274 10
? 459
+ 33 307 50
* 422 538 47
+ 182 299 97
* 239 394 31
* 100 183 4
* 15 31 61
? 425
+ 211 603 66
* 391 426 83
* 97 656 91
+ 161 478 62
* 8 235 70
+ 52 592 23
? 306
? 35
? 17
* 79 280 87
+ 500 566 80
? 134
+ 28 687 51
+ 46 292 47
* 41 187 74
* 221 662 2
* 7 552 83
* 108 675 73
* 39 683 55
* 432 640 90
? 459
+ 518 636 47
* 484 520 5
? 179
? 210
? 132
+ 235 692 26
? 145
+ 568 621 58
+ 92 648 96
+ 415 619 79
+ 75 112 8
* 365 715 40
* 407 583 2
? 335
* 174 665 5
* 182 568 13
* 399 532 73
+ 57 83 52
+ 477 725 95
+ 194 605 1
* 256 684 85
? 322
* 504 713 6
+ 60 129 30
* 591 724 92
+ 7 360 27
* 224 403 98
+ 94 513 50
* 294 662 89
? 177
+ 236 484 14
* 360 458 28
? 690
* 643 650 71
+ 303 547 64
* 548 611 89
* 107 592 71
? 699
+ 65 86 86
* 95 484 59
? 398
? 532
+ 405 707 86
? 200
? 357
* 395 493 79
* 162 550 22
+ 323 620 7
+ 254 434 97
? 658
+ 636 651 89
+ 201 540 78
? 566
+ 53 468 23
+ 508 588 68
+ 165 598 63
+ 347 616 64
? 126
+ 420 698 50
* 8 680 13
* 389 643 53
+ 312 417 86
* 595 692 95
? 579
* 80 487 46
* 495 617 38
+ 382 505 23
+ 240 385 47
+ 28 143 24
? 495
+ 491 693 86
? 44
+ 125 456 71
* 208 209 94
? 679
+ 293 335 52
+ 137 242 82
+ 118 252 93
? 488
? 132
* 214 256 76
+ 83 99 80
* 188 364 83
+ 364 515 24
? 652
+ 48 626 68
* 82 394 92
+ 213 229 48
? 295
+ 109 302 86
? 428
+ 71 664 66
+ 326 506 38
? 609
* 314 690 79
+ 512 647 46
+ 451 643 47
* 227 515 5
+ 179 549 17
+ 227 430 1
+ 276 669 79
* 612 641 51
* 88 445 24
+ 474 487 29
? 297
+ 118 183 62
* 59 136 36
+ 200 419 23
? 331
* 139 376 98
+ 513 637 85
* 171 554 99
+ 334 522 54
? 657
* 394 413 32
* 305 398 74
* 29 484 54
* 66 150 57
* 222 685 72
+ 38 673 63
? 225
? 29
+ 3 326 29
? 215
+ 115 394 27
* 96 710 29
+ 294 458 66
+ 14 239 85
* 387 472 89
+ 422 443 92
* 442 495 90
+ 568 678 33
* 315 354 70
* 437 560 95
+ 106 584 49
+ 496 714 4
? 276
+ 643 689 34
? 638
* 61 659 83
+ 341 505 41
? 276
+ 381 400 4
* 95 297 80
+ 4 627 96
+ 368 397 74
+ 139 607 26
* 63 701 32
? 517
+ 188 438 53
? 6
? 291
* 61 603 32
* 158 220 10
+ 576 659 44
+ 546 687 89
+ 159 489 38
* 474 613 99
* 107 498 83
* 412 451 6
* 380 607 14
* 415 681 72
* 42 606 44
? 345
* 90 134 51
+ 485 525 12
+ 379 435 22
+ 28 251 74
* 315 646 56
* 5 708 32
+ 279 439 72
* 47 414 16
+ 520 530 33
+ 331 706 48
+ 214 437 20
+ 156 696 94
* 254 572 90
+ 162 514 63
+ 471 661 34
* 215 508 43
* 551 612 37
+ 14 567 89
* 291 540 86
+ 248 695 7
+ 485 647 5
* 409 670 83
+ 567 678 25
* 474 724 43
+ 500 509 56
+ 25 556 8
? 542
+ 83 460 25
* 309 429 99
+ 63 417 60
* 99 624 81
+ 157 160 64
? 57
+ 216 263 92
+ 126 179 61
+ 546 653 32
? 213
+ 150 621 86
? 269
* 425 713 3
* 205 434 40
* 273 340 18
* 424 703 85
+ 340 432 51
+ 52 231 23
* 67 554 89
+ 290 374 54
+ 1 693 5
+ 21 46 84
? 265
* 415 568 79
* 210 663 95
* 225 418 81
+ 279 378 7
? 152
* 296 502 44
+ 80 555 7
+ 137 142 47
+ 211 493 40
* 341 726 73
+ 159 180 85
* 88 704 17
+ 163 682 24
+ 485 622 27
+ 174 208 73
* 208 222 45
+ 278 416 80
+ 404 429 1
? 303
+ 93 257 96
* 605 616 20
* 243 324 18
? 403
+ 276 639 56
+ 25 687 71
+ 28 70 88
? 156
+ 93 237 20
* 513 578 86
+ 359 448 73
+ 468 648 12
* 258 677 97
+ 169 248 2
? 636
? 289
+ 141 415 21
* 385 467 90
+ 66 206 50
* 340 529 46
? 669
+ 706 709 95
* 98 465 48
* 201 314 73
* 139 214 93
* 211 638 20
+ 408 447 86
? 177
* 154 265 81
? 234
* 694 717 74
+ 378 495 44
+ 469 614 48
? 494
* 111 173 57
+ 599 722 68
+ 221 241 27
+ 471 622 56
+ 610 660 94
* 59 363 90
? 451
? 173
+ 693 720 4
+ 200 655 12
+ 116 552 96
+ 332 556 52
* 63 630 48
+ 315 443 39
? 276
? 324
* 153 441 74
* 305 608 56
? 601
+ 428 580 21
? 533
+ 120 136 9
+ 65 243 46
* 136 154 72
+ 36 84 42
+ 84 340 27
+ 646 714 60
* 142 509 88
+ 646 681 95
+ 50 410 76
+ 128 210 5
* 294 595 63
+ 78 586 40
* 452 531 8
* 437 586 88
+ 254 289 33
+ 42 78 25
* 360 720 34
? 232
* 463 689 48
+ 298 708 32
* 284 601 69
+ 51 605 79
* 545 639 1
+ 389 688 36
* 151 295 62
+ 123 360 90
? 41
+ 234 514 100
+ 82 250 44
+ 150 373 82
* 583 646 58
+ 315 545 64
+ 443 728 64
? 645
* 23 693 100
+ 173 372 75
? 394
* 189 283 21
* 64 534 24
+ 282 302 82
? 581
+ 357 385 48
* 139 224 48
? 573
* 651 673 44
+ 25 235 27
* 445 499 82
+ 222 652 14
* 22 382 77
? 477
* 88 383 30
? 178
+ 254 719 53
+ 86 666 12
+ 340 707 88
* 135 315 25
* 9 565 66
* 53 278 2
+ 340 355 50
* 86 655 58
+ 192 533 18
* 41 709 98
? 429
+ 309 511 90
+ 461 563 28
* 31 162 16
* 29 379 94
+ 555 725 45
* 235 517 18
? 220
* 205 602 88
? 640
+ 349 513 28
* 86 371 13
? 392
+ 90 704 14
* 58 434 94
? 525
+ 270 513 23
? 424
+ 208 727 42
+ 136 411 22
* 461 668 93
* 560 604 18
? 265
* 571 573 42
* 522 653 23
* 553 577 6
* 492 633 58
* 65 665 44
* 279 538 80
+ 259 308 100
+ 174 608 51
* 50 415 89
+ 88 204 98
* 265 646 56
* 343 567 63
* 312 649 67
? 301
+ 328 346 27
? 14
+ 197 306 38
* 262 547 57
+ 335 709 84
? 553
+ 136 589 33
* 251 425 98
* 37 267 8
? 233
+ 389 401 3
* 225 461 61
? 680
* 585 621 80
* 153 514 57
? 163
* 302 721 52
+ 99 365 70
* 225 692 94
? 265
? 12
* 483 504 59
+ 248 641 23
* 7 518 49
? 481
* 117 388 6
* 249 289 57
* 145 232 83
+ 435 637 6
? 554
? 550
? 722
? 610
? 299
+ 139 479 18
? 503
? 25
+ 245 408 26
+ 226 422 55
+ 370 426 53
? 646
+ 255 527 1
* 71 382 42
* 431 471 4
+ 331 489 94
? 55
* 621 655 5
+ 141 339 3
+ 32 438 67
+ 224 228 49
+ 83 303 73
+ 609 666 18
? 200
* 253 692 81
+ 188 225 51
* 466 478 54
* 92 233 37
+ 194 527 94
+ 374 611 29
+ 470 646 27
+ 81 650 13
* 381 605 70
* 243 279 60
? 189
* 47 382 97
* 337 594 87
+ 272 305 95
+ 174 296 88
+ 424 430 68
* 443 647 90
+ 271 488 21
* 356 390 76
+ 287 373 35
+ 148 442 92
+ 15 318 60
+ 39 591 60
? 17
? 103
+ 464 593 24
+ 67 277 15
? 39
+ 134 186 7
* 391 560 15
* 317 591 35
+ 379 452 43
? 115
* 20 206 39
+ 327 393 6
+ 376 416 55
+ 489 673 34
* 218 532 22
? 669
* 647 655 51
* 290 666 94
* 15 225 97
* 691 724 82
? 323
* 511 618 43
* 141 647 7
* 92 641 92
? 381
? 258
* 144 461 57
* 442 656 82
? 36
* 197 653 31
* 224 550 7
+ 39 136 17
? 388
* 385 624 72
* 100 559 4
* 29 449 83
* 208 607 8
? 431
? 265
? 106
+ 51 122 21
? 70
+ 135 289 75
? 694
? 673
+ 115 265 40
+ 275 528 40
* 140 195 14
* 307 396 52
* 212 689 53
+ 183 668 57
* 20 344 18
* 595 685 56
? 533
? 481
* 418 667 68
* 493 673 28
* 392 422 68
* 363 724 19
* 415 689 91
? 487
* 198 325 95
+ 608 705 96
* 16 548 94
* 89 427 9
+ 223 303 89
+ 467 690 20
+ 294 500 22
+ 137 442 19
+ 188 275 86
+ 118 573 80
? 468
* 42 506 91
? 244
* 297 341 43
+ 325 561 27
+ 204 566 6
? 81
? 573
? 122
* 201 590 36
+ 395 679 14
+ 306 327 85
* 9 407 15
+ 231 384 79
+ 211 597 77
+ 301 451 83
+ 8 558 48
* 278 354 62
* 410 554 91
* 27 52 91
* 121 711 99
? 572
+ 167 590 89
+ 439 539 46
* 455 592 45
* 6 19 95
? 658
* 44 213 1
+ 30 469 58
+ 380 684 98
+ 353 434 15
* 361 625 36
? 643
+ 71 241 14
+ 33 466 27
? 663
* 130 637 16
+ 229 584 3
+ 330 683 11
+ 237 278 3
* 108 549 1
* 29 416 40
+ 353 472 51
+ 82 544 8
* 174 442 98
* 358 643 36
* 85 480 8
+ 37 633 45
+ 215 272 86
* 78 417 91
+ 437 623 11
* 495 587 87
? 251
? 250
+ 97 725 22
+ 240 506 64
* 280 484 81
+ 4 259 20
* 36 701 27
? 719
* 221 258 7
+ 320 500 15
* 96 266 42
+ 477 595 28
? 470
+ 543 654 5
* 489 566 61
+ 76 446 28
? 267
+ 3 544 55
* 592 677 5
* 72 435 30
* 332 417 43
+ 573 728 52
+ 55 476 17
+ 324 602 41
+ 441 600 22
? 73
* 144 262 12
* 251 413 37
+ 93 518 38
* 259 449 81
* 35 233 32
* 39 483 65
? 383
+ 68 645 23
? 352
* 162 699 85
* 119 394 57
+ 252 599 99
+ 124 460 85
* 24 444 80
* 299 484 69
* 221 683 86
* 76 718 30
? 324
* 534 575 16
* 496 598 66
* 286 658 86
* 61 697 93
+ 203 346 7
? 335
? 277
? 509
? 455
+ 99 208 54
+ 392 724 46
+ 348 393 45
? 326
* 351 600 42
+ 312 646 47
+ 370 402 28
* 445 604 9
* 341 558 92
* 438 500 73
+ 319 724 75
+ 29 557 4
* 137 356 29
+ 408 525 19
* 610 685 65
+ 616 710 40
* 85 534 7
? 658
* 665 686 6
? 674
* 120 350 69
+ 98 132 99
? 64
? 44
+ 262 471 10
+ 77 404 60
+ 105 710 25
+ 62 689 32
? 314
? 470
+ 208 640 7
? 251
+ 421 593 37
+ 221 416 98
+ 247 290 90
? 46
+ 65 83 15
* 291 593 87
* 195 532 28
? 60
+ 72 294 91
+ 404 420 48
+ 77 583 40
* 231 385 24
* 194 261 97
? 64
? 434
+ 644 689 86
+ 604 620 85
+ 299 412 63
* 408 544 18
+ 57 587 53
? 721
+ 88 252 84
* 424 703 73
+ 126 648 69
? 424
* 448 619 19
* 255 582 39
+ 175 273 16
+ 707 707 40
+ 670 715 70
* 35 100 94
? 288
+ 178 612 21
+ 28 638 68
* 167 238 11
+ 93 548 79
+ 275 713 97
+ 227 701 3
+ 304 309 22
+ 142 539 97
* 112 725 47
+ 331 600 6
* 499 615 70
+ 167 460 37
+ 104 253 99
? 485
* 49 626 73
* 40 44 75
* 172 485 58
? 59
+ 154 418 16
+ 11 297 66
* 50 90 45
+ 210 326 96
* 43 525 39
? 153
+ 189 349 62
+ 21 344 66
+ 139 636 27
* 109 532 41
+ 458 481 3
+ 69 215 61
? 199
* 259 405 61
* 281 633 37
* 224 455 3
+ 74 351 32
+ 475 728 93
* 325 615 52
* 653 659 53
* 344 396 52
* 119 438 85
* 79 584 1
+ 326 612 93
* 464 690 78
+ 451 692 58
+ 329 367 33
? 350
+ 250 660 42
* 147 713 14
+ 496 724 33
* 337 376 46
+ 174 325 5
+ 463 523 73
? 532
? 676
? 436
* 32 292 86
+ 389 555 6
+ 94 583 68
* 112 388 90
? 33
* 314 352 19
+ 70 139 44
+ 399 560 76
+ 82 718 22
+ 160 532 53
* 48 614 61
* 137 532 69
* 28 487 45
* 246 674 44
+ 99 362 87
+ 10 99 91
+ 306 317 76
? 140
* 277 336 34
+ 17 488 73
+ 26 352 15
? 714
* 524 628 66
? 290
* 467 679 95
+ 227 608 15
* 286 528 69
* 222 277 17
* 486 583 25
? 153
? 417
* 52 454 87
* 126 692 11
+ 473 592 67
* 276 571 33
* 149 405 98
* 569 659 44
? 577
* 130 302 54
? 255
? 392
+ 256 603 10
? 575
* 223 493 4
* 526 621 81
? 423
? 239
+ 291 445 88
? 550
+ 86 720 28
+ 3 301 72
? 235
+ 387 650 70
+ 165 711 1
* 251 485 66
* 182 389 82
+ 139 545 50
+ 560 722 72
* 324 413 21
+ 240 607 56
? 518
* 146 656 92
+ 62 336 36
+ 510 534 25
* 26 596 66
* 474 490 77
* 177 411 62
* 463 711 69
+ 154 617 45
* 355 375 74
+ 432 562 34
* 456 489 91
? 452
* 6 100 30
? 434
+ 715 727 28
? 623
+ 22 269 52
* 250 497 61
+ 79 333 93
? 530
? 118
? 201
? 57
+ 492 607 53
+ 99 122 80
? 143
* 383 507 19
+ 428 557 32
* 158 485 54
? 359
? 220
* 98 500 28
? 9
* 509 689 59
+ 102 209 16
? 707
+ 412 662 27
* 520 580 79
+ 248 679 5
+ 330 336 81
+ 342 582 69
+ 110 706 90
* 496 621 80
+ 200 489 65
? 641
* 160 616 42
+ 155 615 78
* 57 699 34
? 38
+ 599 725 61
? 358
+ 239 430 18
? 151
? 536
* 93 633 38
+ 627 647 39
+ 116 394 4
* 253 460 96
+ 289 450 16
+ 627 710 11
* 391 526 56
* 599 711 15
* 28 573 1
+ 40 544 3
* 545 709 80
* 426 498 57
? 203
? 171
* 119 234 54
* 278 687 90
* 290 715 15
* 332 642 77
* 208 305 61
+ 51 701 42
+ 37 249 61
* 296 649 19
* 63 134 8
* 124 302 91
+ 362 540 4
* 85 527 7
? 414
+ 489 662 100
* 563 704 51
* 117 651 68
+ 529 719 95
* 190 710 22
? 66
? 633
? 6
* 241 667 60
* 42 463 67
* 564 705 72
+ 508 549 85
* 335 356 98
+ 30 560 40
* 64 573 52
* 158 345 89
* 445 626 17
* 204 555 5
+ 193 306 50
? 233
* 65 226 67
+ 283 328 65
* 14 42 62
+ 504 630 39
* 130 380 99
? 573
* 109 475 3
* 116 140 72
+ 19 29 40
+ 390 568 92
+ 513 546 90
+ 283 697 78
+ 31 70 34
? 309
? 724
+ 168 438 56
+ 111 582 47
? 722
+ 155 378 32
* 408 643 43
? 673
? 723
* 136 303 51
* 180 202 48
* 353 380 67
* 164 167 22
+ 127 163 46
* 378 457 44
+ 283 547 74
* 426 647 72
* 449 550 64
+ 311 684 65
* 254 320 42
* 188 210 5
* 243 480 2
? 197
* 21 715 17
? 469
? 613
? 456
+ 34 104 69
? 353
? 168
* 288 355 65
+ 307 533 65
? 716
+ 2 609 92
? 119
* 229 574 37
+ 146 178 78
* 85 247 35
* 518 629 32
+ 67 704 67
+ 172 465 79
* 8 147 81
* 340 486 50
+ 72 350 66
* 92 421 1
+ 243 443 37
* 55 657 12
+ 239 537 31
+ 527 647 9
* 48 153 80
* 35 589 68
* 326 478 22
+ 61 640 96
? 4
* 115 544 1
+ 103 720 57
+ 169 455 99
? 489
* 372 538 9
+ 298 524 35
? 407
* 125 222 38
+ 26 489 44
+ 259 263 47
? 342
* 152 686 57
+ 430 612 51
+ 504 519 45
? 500
* 308 311 24
+ 378 400 97
* 73 148 18
? 299
+ 132 552 3
+ 354 675 64
+ 93 397 75
* 370 604 71
+ 132 289 13
+ 100 316 59
+ 72 530 37
* 468 682 18
+ 146 675 86
* 251 301 96
+ 187 595 20
+ 117 519 73
? 61
? 710
? 655
+ 242 609 72
? 175
+ 201 492 3
+ 66 556 21
+ 220 223 72
* 246 428 17
+ 278 589 85
? 341
* 289 697 74
? 489
* 133 494 30
+ 430 575 5
+ 272 408 89
? 224
+ 501 603 95
+ 308 601 15
* 397 649 13
* 255 670 5
* 331 580 55
* 30 193 92
? 335
* 81 157 97
? 29
* 189 700 94
* 34 118 2
+ 71 349 1
? 421
+ 296 450 91
+ 505 727 2
+ 20 562 99
? 22
+ 3 234 95
+ 107 425 7
* 598 614 69
+ 88 187 65
+ 35 315 23
+ 243 328 87
? 457
* 310 562 43
* 186 299 25
? 71
* 151 396 7
? 560
? 171
+ 467 538 57
* 102 311 17
? 197
+ 71 513 51
+ 101 235 41
* 107 663 78
+ 186 506 76
? 723
* 339 604 6
+ 174 711 25
* 189 563 49
* 201 543 12
? 349
? 130
* 507 550 20
* 74 185 23
? 138
+ 120 313 30
* 19 667 45
+ 1 255 79
+ 554 569 27
* 60 196 1
* 38 73 100
? 305
* 489 503 12
* 274 460 57
? 461
+ 29 154 19
* 635 657 7
* 115 197 13
+ 282 698 55
+ 210 425 74
+ 419 433 99
* 65 133 66
+ 385 665 22
? 638
* 24 622 33
+ 268 435 68
* 73 321 11
+ 305 333 90
* 139 727 59
+ 431 706 50
? 711
* 445 477 13
+ 80 587 71
+ 443 691 93
+ 649 650 95
* 173 623 91
? 197
? 685
+ 121 387 63
+ 460 697 63
? 102
* 293 664 89
+ 317 337 9
? 108
+ 414 701 83
* 580 707 97
+ 357 436 58
+ 61 605 68
* 394 728 80
+ 142 708 3
+ 372 441 23
* 47 718 32
+ 17 324 77
? 283
? 671
? 225
* 184 224 11
+ 291 454 8
? 693
? 183
+ 130 140 20
* 78 564 36
+ 400 446 60
* 16 234 12
+ 140 219 7
+ 26 267 93
+ 72 92 99
? 638
* 345 354 2
? 672
* 48 604 3
+ 228 381 23
* 75 480 5
? 155
+ 226 536 38
+ 20 524 30
* 652 693 5
* 101 294 27
? 393
* 110 323 9
+ 211 430 88
? 436
+ 272 456 73
+ 376 562 57
? 301
+ 266 401 44
+ 167 600 56
* 192 695 37
? 467
* 421 542 24
+ 431 514 92
? 258
+ 357 567 95
+ 333 424 81
+ 549 615 57
* 222 350 92
? 43
* 308 479 80
? 239
* 308 696 1
+ 387 556 6
* 288 638 84
* 139 448 5
+ 146 711 76
* 539 658 36
+ 260 617 78
? 422
+ 121 700 48
* 51 700 33
? 291
+ 309 359 4
* 46 546 26
+ 527 561 33
+ 97 708 28
? 701
+ 108 332 88
* 230 369 7
? 600
+ 375 685 17
* 187 423 54
* 597 680 100
* 135 504 64
+ 380 659 58
* 74 153 40
+ 462 501 41
? 147
* 333 366 76
+ 344 436 33
+ 496 547 9
+ 83 368 100
* 51 656 73
? 513
+ 364 566 35
* 100 661 68
* 153 355 28
* 56 59 74
* 183 724 91
? 110
* 122 495 34
+ 321 591 81
+ 79 677 79
* 209 276 56
+ 108 428 82
? 704
* 599 709 62
+ 267 296 88
* 114 338 44
? 662
+ 31 175 6
+ 377 508 57
? 66
+ 65 648 73
? 65
+ 204 711 54
? 343
+ 134 263 55
* 121 649 58
? 339
+ 153 455 80
+ 485 608 3
* 378 531 32
* 68 575 71
* 444 510 58
* 96 247 79
? 489
+ 233 513 16
* 376 705 4
? 227
* 459 465 20
* 28 600 61
? 353
+ 471 669 69
* 254 505 89
* 355 721 89
* 302 333 65
* 33 287 48
+ 508 707 41
+ 495 674 86
? 616
* 79 141 52
+ 104 550 77
+ 643 682 37
* 224 664 19
+ 343 726 24
* 133 533 87
+ 194 561 42
+ 281 383 91
* 436 588 38
* 361 596 67
* 36 538 90
? 377
? 556
* 248 508 14
* 343 542 11
? 224
+ 476 660 100
+ 43 313 89
? 291
* 114 408 33
* 134 217 36
+ 12 324 58
+ 153 648 74
+ 370 669 78
+ 187 540 89
? 278
+ 392 701 67
+ 264 548 41
+ 247 253 7
+ 362 624 25
* 454 459 59
+ 361 369 31
* 182 492 22
? 385
* 459 648 75
+ 105 508 81
+ 52 336 42
+ 423 669 14
+ 454 671 88
+ 25 91 48
* 329 608 8
+ 334 443 10
? 690
* 297 628 12
+ 112 200 38
* 8 568 62
? 32
* 129 441 76
? 480
+ 86 87 95
* 25 388 97
? 559
+ 394 670 11
+ 454 714 63
+ 26 443 50
* 195 242 33
* 386 520 15
+ 258 655 22
* 67 629 82
+ 278 703 57
? 147
* 83 172 63
* 534 537 74
? 200
+ 638 681 20
+ 43 685 16
+ 48 422 89
+ 343 626 19
+ 132 721 6
* 74 298 90
* 192 407 12
+ 190 325 79
? 5
+ 427 602 99
+ 150 495 92
+ 168 297 99
+ 341 620 31
* 531 641 48
+ 13 570 39
? 126
* 308 727 19
* 405 537 64
* 432 714 80
* 405 632 23
* 131 513 72
? 144
+ 33 54 74
* 390 625 74
+ 232 570 46
* 223 577 13
* 381 681 88
+ 657 662 53
* 410 709 2
* 496 562 58
* 532 697 56
? 126
+ 479 574 13
? 4
* 138 573 78
? 2
* 411 463 66
+ 177 700 35
? 40
+ 7 710 79
* 260 508 100
+ 365 576 59
* 223 376 43
+ 588 597 87
+ 387 669 5
? 610
* 401 464 90
* 159 217 88
+ 201 604 36
+ 390 415 97
? 130
? 83
? 435
* 235 640 77
? 216
* 27 173 80
* 11 67 99
+ 490 670 97
+ 521 521 41
+ 136 703 40
* 575 727 68
+ 387 640 41
* 17 361 94
+ 572 613 20
? 620
+ 412 434 66
* 168 246 43
* 38 643 43
? 554
* 504 508 4
+ 223 334 86
+ 198 669 59
* 188 401 50
+ 176 500 18
* 90 261 8
? 678
+ 330 542 90
+ 220 576 95
* 179 607 64
+ 227 356 72
+ 611 671 22
+ 366 703 33
? 656
+ 341 363 64
+ 297 483 46
* 438 588 66
* 377 618 6
? 372
? 261
+ 236 575 83
+ 157 548 38
* 216 507 70
* 88 559 7
* 206 229 1
? 339
* 136 414 30
+ 18 288 22
* 302 518 10
* 268 526 93
+ 219 502 19
+ 232 299 80
? 174
+ 66 181 83
? 353
* 158 289 63
+ 251 680 66
* 534 644 66
* 163 500 31
+ 115 632 69
* 314 464 35
* 559 696 24
+ 525 696 45
? 616
? 630
+ 190 252 45
+ 91 249 1
? 498
* 83 198 98
* 460 665 44
+ 348 528 58
+ 58 287 91
* 583 650 32
* 195 692 94
* 393 416 70
* 510 563 96
+ 157 184 39
* 195 669 51
* 219 261 60
? 240
* 306 449 94
+ 359 645 68
* 479 574 44
+ 452 494 1
+ 35 111 58
* 50 367 54
+ 595 682 63
* 372 699 79
+ 100 342 97
? 31
* 240 397 8
? 222
* 105 654 89
+ 102 409 13
+ 667 719 70
* 500 564 31
* 364 565 79
* 335 366 79
* 692 698 38
+ 484 517 43
? 323
+ 133 706 48
* 628 647 27
? 263
* 102 288 39
+ 188 202 52
+ 343 718 6
* 106 667 29
+ 440 446 52
? 230
* 80 249 39
+ 527 562 34
* 406 589 84
+ 123 235 95
* 549 664 76
* 215 707 99
? 694
* 148 214 76
* 109 250 4
* 28 329 87
? 22
+ 13 217 11
? 516
* 2 512 14
? 349
* 423 563 83
* 84 250 59
+ 527 704 88
* 16 57 49
+ 236 584 3
* 185 246 77
* 29 429 23
+ 302 419 47
+ 298 652 49
* 236 338 47
* 508 658 19
* 359 487 5
* 303 701 45
? 638
* 200 328 47
* 112 434 83
+ 269 410 92
? 648
+ 161 321 45
+ 16 519 10
* 276 603 58
+ 133 378 86
* 343 547 27
* 75 593 36
* 27 442 14
+ 348 627 74
? 185
+ 551 659 17
* 42 45 96
? 384
? 694
* 377 641 28
* 501 533 70
+ 340 678 24
+ 237 301 17
* 67 668 57
+ 97 237 20
? 21
+ 397 680 76
* 231 629 66
+ 50 475 89
? 350
* 344 486 48
? 422
? 64
* 324 451 64
* 37 604 45
* 165 623 66
* 208 632 44
? 557
+ 44 530 54
? 223
* 13 309 63
? 388
* 264 705 60
? 209
+ 366 578 13
? 57
+ 485 509 37
+ 126 506 48
? 386
+ 368 623 42
+ 283 473 70
+ 90 565 12
? 338
* 191 674 52
+ 24 507 85
+ 278 675 50
? 645
? 106
+ 378 451 28
* 431 609 28
? 40
+ 470 585 74
* 405 560 84
* 262 575 90
* 8 462 99
+ 374 708 31
+ 4 25 53
? 283
* 483 624 5
* 276 351 9
* 175 514 34
+ 140 393 10
* 347 444 91
* 289 586 36
+ 540 635 53
+ 532 648 88
? 692
? 294
* 468 576 92
* 217 578 35
* 17 403 74
* 97 302 43
* 21 103 28
? 184
* 188 231 25
+ 158 300 2
+ 343 543 98
* 66 209 48
+ 148 676 69
? 50
+ 555 665 29
+ 716 728 5
+ 2 516 7
+ 297 597 97
? 234
* 335 638 3
+ 158 204 31
? 631
? 592
+ 68 580 58
? 239
* 293 662 74
+ 117 182 39
* 347 670 83
* 171 181 31
* 258 580 94
+ 81 385 40
* 52 483 81
? 515
+ 440 632 92
? 253
+ 27 220 10
* 463 690 79
* 582 715 89
? 506
* 374 557 9
* 162 251 95
+ 434 598 85
+ 73 391 68
+ 25 86 54
? 606
+ 553 716 68
* 225 397 90
+ 363 388 79
* 94 473 72
* 57 112 59
+ 207 523 55
+ 260 580 51
+ 16 332 43
* 53 728 11
+ 399 619 63
* 41 51 84
? 658
+ 9 492 35
? 216
? 213
* 544 578 3
+ 284 291 4
* 6 488 67
* 357 447 43
? 377
* 257 304 46
? 391
+ 228 353 11
+ 367 702 25
+ 13 590 95
* 37 684 60
+ 4 469 78
* 309 497 42
* 195 652 23
? 269
? 188
* 133 316 30
+ 570 648 44
+ 27 120 15
* 161 554 90
? 82
? 474
? 471
+ 113 611 10
* 393 593 10
? 628
* 171 460 67
+ 98 273 92
+ 153 165 11
+ 87 642 82
* 18 454 45
+ 321 711 39
+ 262 367 73
? 458
* 291 427 59
? 315
+ 614 621 69
+ 173 195 4
+ 305 561 60
+ 535 677 89
? 197
? 398
+ 74 697 56
* 63 434 6
+ 352 545 14
+ 116 134 32
* 163 503 75
+ 323 647 24
+ 561 649 12
? 356
? 534
? 53
? 362
* 479 708 26
* 43 493 76
? 77
* 435 653 80
* 82 142 69
+ 364 577 95
* 15 51 24
+ 55 635 56
* 2 594 70
* 257 419 76
+ 23 37 40
+ 633 705 15
+ 373 402 52
? 278
* 196 333 25
+ 453 462 39
+ 177 275 96
* 106 516 13
* 190 443 34
? 716
+ 280 289 66
* 365 493 71
+ 104 581 95
+ 202 675 63
+ 282 715 3
* 93 331 34
* 241 655 88
* 240 717 5
+ 86 593 38
+ 145 402 44
* 106 193 67
* 210 577 95
* 2 315 26
+ 182 522 54
+ 35 595 64
+ 262 453 84
+ 172 294 39
? 50
+ 446 499 38
? 33
* 589 703 5
? 674
+ 125 708 49
+ 484 510 38
+ 136 485 85
* 24 249 67
+ 374 598 37
* 302 705 75
+ 216 502 67
* 246 273 5
? 216
+ 223 695 61
+ 106 297 44
+ 295 705 59
+ 570 700 17
* 229 566 41
+ 639 658 24
? 208
* 175 622 10
+ 475 496 32
* 120 406 99
? 691
? 12
* 449 594 85
+ 483 620 22
* 187 571 98
* 14 54 71
? 125
* 142 530 58
* 233 353 33
? 682
* 316 644 62
? 657
? 378
? 451
* 448 663 45
* 515 550 67
* 572 620 5
* 48 373 2
? 551
+ 81 223 23
* 412 682 99
+ 317 459 18
+ 368 517 53
* 76 200 56
* 443 525 39
* 204 217 56
+ 52 723 1
+ 520 678 24
+ 85 170 2
+ 201 265 13
* 253 310 45
+ 169 495 47
* 112 399 59
* 417 521 76
+ 257 449 13
* 251 574 69
+ 205 507 64
* 73 146 23
* 192 499 19
? 35
* 547 556 65
? 675
+ 325 597 19
+ 357 708 94
+ 203 478 52
+ 242 376 76
? 205
* 312 627 60
* 136 194 16
* 165 426 18
+ 123 701 68
* 262 547 37
+ 407 450 84
* 377 381 53
+ 13 36 85
* 40 580 25
* 545 686 91
* 150 182 27
? 193
* 584 642 94
* 31 443 47
+ 448 664 93
+ 136 175 51
? 132
+ 148 371 35
? 129
? 361
* 147 407 10
? 510
? 419
+ 496 640 62
+ 16 496 92
* 215 340 93
? 582
+ 420 710 95
+ 212 653 68
? 722
+ 137 426 26
+ 238 702 29
* 593 610 67
* 120 675 72
? 529
+ 334 406 87
? 401
+ 313 660 7
+ 274 643 48
+ 177 416 92
+ 221 278 97
* 214 567 28
? 44
+ 333 581 33
* 465 530 92
+ 267 597 75
* 113 426 80
* 548 633 72
? 633
* 126 161 13
+ 599 685 99
* 664 679 43
* 26 212 85
* 502 696 56
* 221 328 42
+ 264 418 44
+ 350 501 13
+ 532 538 37
+ 172 188 2
* 206 602 27
+ 709 711 40
? 212
* 476 493 2
* 524 525 71
* 126 660 11
* 78 507 45
* 78 715 70
+ 14 280 85
* 444 698 29
? 709
+ 505 623 71
? 555
? 595
* 19 544 21
+ 151 666 84
? 720
* 52 157 45
? 601
* 453 701 77
* 78 395 90
? 672
+ 360 551 30
? 93
? 545
? 541
? 456
? 332
+ 352 357 10
* 299 488 25
+ 258 331 16
+ 185 305 26
+ 394 460 96
* 195 261 17
* 22 46 41
* 325 541 27
+ 193 507 84
? 452
? 488
* 349 727 25
+ 96 430 32
* 250 451 49
* 431 550 4
* 541 565 29
* 356 643 79
+ 335 522 69
+ 326 592 41
? 426
+ 148 712 20
+ 151 262 98
+ 46 238 10
? 401
* 259 611 21
? 423
+ 20 706 99
+ 70 494 46
* 212 409 2
* 393 459 22
+ 48 720 91
+ 104 113 82
? 218
+ 195 338 41
+ 162 258 92
+ 287 672 44
? 275
* 50 699 24
* 147 306 73
* 370 719 16
* 205 308 88
? 438
+ 44 523 33
? 667
* 324 347 19
? 479
* 42 656 17
+ 578 691 49
+ 173 685 5
+ 414 486 29
+ 147 168 49
* 226 228 73
* 469 506 63
? 586
+ 105 307 76
* 69 608 92
+ 561 582 58
? 21
+ 193 216 51
* 288 411 12
? 445
+ 366 580 41
* 105 436 21
* 2 314 49
+ 60 191 3
* 502 583 9
+ 95 193 91
* 263 473 78
+ 83 152 34
* 246 436 1
+ 107 320 97
* 39 400 39
* 51 333 20
? 462
+ 596 722 3
* 23 239 54
? 268
+ 269 722 96
+ 81 195 14
? 385
+ 677 717 45
? 410
+ 149 550 17
* 111 727 66
+ 201 686 90
* 93 137 12
+ 430 588 80
* 608 628 52
* 249 309 97
? 286
+ 98 284 54
+ 571 666 41
* 137 570 91
+ 407 514 61
+ 569 608 87
? 690
+ 57 682 7
* 368 394 77
* 220 643 29
* 37 125 31
+ 456 509 88
+ 258 456 94
* 168 243 13
? 43
+ 436 673 76
* 30 667 2
* 102 487 30
+ 49 498 14
+ 463 669 94
* 28 447 22
+ 368 506 38
? 416
* 227 442 44
+ 395 398 98
* 13 195 23
+ 78 383 9
* 180 427 15
+ 424 486 29
? 95
* 83 536 34
* 648 677 55
+ 172 578 70
? 232
+ 459 721 25
* 334 381 12
+ 105 183 61
* 247 545 46
? 493
* 39 500 4
* 580 589 98
* 400 684 84
* 565 720 2
+ 123 194 53
+ 111 125 43
* 139 260 14
* 389 671 31
* 1 46 8
* 114 336 53
* 558 619 70
* 262 435 14
+ 13 556 81
+ 160 474 80
+ 152 536 68
* 468 615 13
+ 82 268 17
+ 40 668 61
* 374 530 93
* 322 686 33
* 52 196 95
+ 82 338 53
? 462
+ 16 415 27
* 129 663 61
+ 18 75 73
* 2 482 20
* 319 508 91
* 12 487 83
+ 31 240 5
* 16 69 12
+ 54 250 42
+ 73 100 11
* 183 636 27
* 27 341 23
? 685
* 153 716 42
? 40
? 330
* 384 521 78
+ 242 452 41
? 616
? 277
* 268 310 68
* 20 664 91
* 41 401 95
+ 270 566 6
+ 352 482 1
* 490 693 86
+ 9 220 37
+ 460 564 62
+ 318 685 83
* 225 589 57
+ 343 708 38
* 73 461 76
+ 239 461 94
+ 408 525 57
+ 331 351 95
+ 177 410 50
+ 362 560 80
? 333
* 199 665 71
? 532
* 78 480 13
+ 575 717 41
+ 246 613 9
+ 199 698 31
* 36 691 28
? 572
+ 623 638 86
* 7 460 8
? 178
* 246 415 81
+ 282 557 25
* 4 491 30
+ 113 482 12
* 285 675 100
? 554
* 398 565 25
+ 179 675 9
* 221 470 1
* 238 639 2
+ 359 684 8
* 315 406 6
? 665
* 170 373 75
* 142 514 28
+ 169 728 91
* 9 700 52
+ 470 687 17
* 359 600 43
? 382
+ 310 423 80
+ 62 522 11
+ 419 512 76
+ 594 728 45
* 26 270 55
* 264 366 74
+ 232 314 17
* 515 633 17
* 590 641 6
+ 412 489 84
+ 354 535 31
+ 115 539 90
* 40 441 14
+ 291 481 59
* 143 350 92
* 19 450 20
+ 368 697 28
? 668
+ 350 707 73
+ 260 664 3
* 102 208 78
+ 584 597 21
? 318
+ 151 157 68
* 201 291 61
? 551
* 390 601 88
* 96 609 30
* 94 646 1
+ 24 152 56
+ 37 253 71
+ 35 641 30
? 140
* 185 529 69
* 430 704 69
* 49 542 69
? 672
+ 461 553 47
? 259
? 400
+ 62 622 21
? 95
+ 270 703 63
* 206 408 99
+ 339 588 5
+ 287 530 92
+ 58 333 31
+ 476 531 69
* 227 416 30
+ 289 657 79
* 377 697 28
+ 217 566 62
? 224
* 282 669 3
* 653 673 82
+ 545 702 44
+ 192 497 64
* 188 684 57
* 83 568 60
+ 459 728 66
+ 153 687 51
? 575
+ 453 548 48
* 260 520 64
? 319
? 245
* 199 200 39
* 23 707 58
* 15 122 7
* 266 671 59
+ 183 707 77
+ 429 681 21
* 267 704 65
+ 21 257 72
* 5 344 38
* 17 409 90
+ 254 599 85
* 375 543 4
+ 135 724 49
* 513 623 37
+ 80 602 35
+ 146 422 99
* 473 694 98
* 181 508 6
+ 112 385 61
+ 77 131 39
* 180 397 50
? 437
? 341
+ 146 215 100
+ 127 293 16
? 668
+ 114 324 47
* 563 631 75
+ 182 516 52
+ 46 700 71
? 133
* 67 92 77
+ 157 513 48
* 93 670 53
+ 412 619 65
+ 341 523 69
* 371 422 25
+ 321 645 68
+ 74 365 3
* 134 387 45
+ 44 333 46
+ 178 653 59
? 334
+ 31 704 8
+ 5 464 68
? 241
* 433 670 38
? 118
* 80 161 34
+ 386 594 68
? 199
+ 46 215 82
+ 243 362 21
+ 478 550 32
+ 497 609 26
* 337 710 97
+ 77 195 12
? 390
? 311
* 313 549 17
? 406
* 99 128 40
+ 117 342 71
+ 346 375 27
* 329 521 3
+ 111 324 98
+ 50 171 85
? 549
+ 29 548 83
* 367 500 57
? 14
+ 138 453 91
+ 200 416 47
* 209 457 62
? 321
* 482 602 12
* 220 647 19
* 51 472 29
* 622 632 82
+ 110 289 21
? 319
? 683
? 37
* 492 511 52
? 275
+ 226 429 26
? 569
* 321 692 12
+ 443 462 17
+ 38 403 81
+ 503 628 25
* 141 284 15
* 117 168 15
+ 200 446 58
* 195 252 27
* 6 138 90
? 253
* 153 228 94
* 270 566 62
* 499 698 100
* 177 515 57
* 143 462 44
+ 46 484 88
+ 124 322 30
? 521
+ 62 446 91
? 288
* 315 394 95
+ 610 664 61
+ 415 425 32
? 404
* 251 528 85
* 191 513 89
* 347 389 66
? 704
+ 339 653 71
* 357 716 55
* 8 328 1
+ 183 695 75
+ 75 265 76
* 241 651 87
+ 426 728 74
+ 370 438 42
+ 283 305 10
* 164 620 47
* 103 645 63
* 371 480 99
? 567
* 136 165 47
+ 236 280 93
* 295 303 61
? 186
? 69
* 127 713 63
+ 581 704 76
+ 15 287 22
* 271 652 52
* 22 61 66
+ 148 285 9
* 72 332 66
* 267 284 95
* 178 428 98
* 264 410 96
? 557
+ 341 578 25
? 360
+ 436 576 47
+ 52 686 49
* 162 331 4
+ 8 392 21
+ 484 514 53
* 337 359 32
+ 416 418 55
? 206
* 36 120 13
? 322
+ 102 493 86
? 337
+ 122 351 63
* 216 611 15
? 369
? 471
* 258 676 87
? 377
? 590
* 267 544 77
* 76 237 18
+ 156 609 85
+ 207 426 16
* 310 534 44
* 88 570 78
+ 282 570 93
* 140 290 88
? 519
* 162 272 91
* 385 637 63
+ 24 283 90
? 725
? 724
+ 140 278 43
* 621 647 92
+ 221 651 18
+ 460 495 66
* 202 433 100
+ 584 714 64
? 154
+ 294 432 21
+ 225 281 21
? 374
* 104 500 68
* 122 647 54
* 277 595 6
+ 157 566 67
+ 172 203 11
* 124 700 38
+ 588 722 34
* 307 320 58
* 118 144 34
+ 280 540 67
+ 369 380 38
* 89 630 55
+ 417 728 9
* 189 573 36
* 303 679 43
* 31 217 57
* 115 631 84
+ 407 625 31
? 631
+ 301 503 64
+ 38 708 35
* 658 705 11
* 318 594 68
* 102 149 57
* 137 270 45
? 722
+ 6 294 80
* 290 497 8
+ 340 542 48
? 407
* 224 566 41
+ 72 512 42
* 46 725 21
+ 141 338 82
* 83 558 24
* 302 716 37
? 121
? 676
? 297
+ 263 680 85
+ 521 589 34
+ 196 283 48
* 478 691 47
+ 382 724 100
+ 39 395 60
+ 158 710 16
* 245 307 21
* 169 428 75
+ 445 666 8
+ 100 395 39
+ 152 265 49
? 359
* 405 516 99
* 117 473 47
* 63 67 19
* 28 227 33
+ 80 99 51
+ 559 711 30
* 422 576 33
* 332 594 57
* 294 672 75
? 658
* 63 558 76
+ 130 402 40
* 337 495 8
+ 11 235 42
* 279 693 75
+ 439 625 28
* 115 255 31
+ 19 468 83
+ 146 154 42
* 199 492 58
* 386 689 7
* 484 593 71
? 182
+ 436 621 60
* 7 306 84
? 32
* 80 220 24
* 52 639 26
+ 77 610 14
* 418 429 90
+ 257 639 14
+ 26 689 42
+ 84 558 61
? 502
* 7 412 25
* 110 498 40
+ 238 414 52
? 20
* 162 214 20
+ 444 456 73
* 172 410 49
+ 323 511 88
