667 1906 30
* 277 356 2
? 598
+ 487 641 86
+ 164 596 90
+ 294 465 86
* 493 494 33
+ 388 408 75
? 241
* 39 92 27
+ 269 279 91
+ 19 598 33
* 500 509 7
? 325
+ 199 594 80
? 346
* 80 453 48
+ 62 129 75
+ 114 508 94
* 170 343 34
* 551 602 55
+ 239 412 67
? 419
? 594
* 429 641 28
+ 238 433 46
* 553 656 50
+ 32 532 51
? 178
* 43 416 52
* 6 483 38
* 131 276 72
? 120
* 447 656 59
+ 381 599 20
* 203 635 39
* 145 437 60
+ 9 547 40
* 167 231 70
* 290 347 99
+ 213 593 85
? 14
? 390
* 358 392 15
* 431 570 78
+ 7 280 58
+ 171 600 59
* 74 93 30
? 286
+ 527 578 72
* 40 471 37
+ 522 610 27
* 66 345 49
+ 22 342 82
? 339
* 200 448 73
+ 390 495 84
* 272 317 24
+ 337 646 99
+ 43 561 84
+ 409 422 4
+ 370 503 66
+ 115 450 99
+ 67 613 7
* 82 388 92
* 129 347 37
+ 141 251 20
+ 484 580 46
? 104
? 282
* 208 577 73
+ 110 131 12
* 53 647 35
* 46 424 52
* 141 406 63
+ 164 508 19
+ 578 596 62
* 45 68 62
? 460
? 310
+ 48 325 100
+ 223 296 9
+ 165 228 32
* 52 350 33
? 396
? 618
? 289
? 278
+ 300 588 67
* 2 438 54
? 217
+ 104 139 51
+ 432 653 10
? 172
? 536
+ 157 640 46
? 19
* 31 244 93
* 98 361 38
* 345 634 73
* 252 489 59
? 660
+ 216 339 91
* 141 554 16
+ 6 288 60
? 648
? 495
? 461
+ 9 281 6
* 237 631 10
* 364 385 93
+ 201 581 59
? 44
? 502
* 446 482 18
+ 65 69 25
* 131 607 55
* 176 283 30
+ 588 594 2
* 102 313 28
? 76
? 410
* 257 541 16
* 337 550 12
* 16 637 9
+ 193 420 66
? 519
* 388 614 90
+ 501 579 92
+ 197 564 47
? 3
* 6 463 45
+ 518 574 53
? 82
+ 370 495 9
? 565
+ 33 270 19
+ 414 469 12
+ 191 596 73
* 255 523 13
+ 214 411 47
* 70 173 95
+ 105 551 17
? 455
* 256 354 92
* 107 117 38
* 152 653 88
? 199
* 327 371 96
* 450 502 13
+ 300 345 73
* 101 337 80
* 322 498 100
* 486 536 52
* 218 267 23
+ 429 451 9
+ 215 504 86
* 152 287 26
* 330 470 81
+ 305 523 56
* 185 560 26
* 34 584 16
? 462
+ 298 462 90
+ 208 383 5
+ 121 569 80
* 247 568 49
+ 83 422 63
+ 203 394 10
? 637
+ 407 655 82
+ 33 297 42
? 154
+ 303 540 86
* 38 338 5
? 207
+ 478 633 8
* 335 482 72
* 154 244 8
* 372 564 14
* 151 622 63
* 596 661 95
+ 324 346 65
+ 530 564 30
? 161
+ 404 525 68
* 54 129 27
* 236 244 27
* 424 605 7
? 326
* 78 245 80
? 126
* 402 634 60
+ 19 45 48
+ 452 529 18
* 407 451 87
* 89 205 94
+ 145 245 40
+ 553 655 39
* 236 515 30
* 128 333 87
+ 33 278 6
* 595 646 97
+ 173 301 43
* 86 175 83
+ 354 357 38
* 441 656 6
* 259 306 13
* 139 344 20
+ 329 573 39
* 210 542 6
? 332
* 21 124 19
? 565
* 123 568 15
+ 266 637 98
? 204
* 92 533 88
* 424 530 16
? 312
+ 181 556 33
+ 335 377 47
+ 234 586 86
+ 92 439 66
* 196 204 62
+ 151 176 19
* 574 608 14
* 305 496 32
* 456 619 100
* 32 58 47
* 560 572 83
? 73
? 661
* 12 261 76
+ 214 215 88
+ 97 172 74
* 336 517 18
* 457 620 95
* 232 658 99
+ 128 461 61
+ 67 587 38
+ 2 368 97
? 273
* 92 165 3
* 157 531 20
* 13 327 68
* 86 629 26
* 270 527 16
+ 282 469 41
* 129 276 64
* 127 226 57
+ 260 588 59
? 290
+ 17 376 95
* 141 221 5
+ 205 319 1
? 5
+ 268 410 5
+ 358 383 33
+ 399 489 31
? 421
* 280 621 35
* 373 399 88
* 28 570 1
* 392 595 97
? 107
* 306 364 83
* 104 141 21
+ 8 500 66
* 257 315 11
+ 102 480 86
? 29
+ 250 347 13
* 218 439 99
+ 251 565 36
+ 69 421 64
* 58 435 72
+ 127 308 5
? 270
* 519 639 13
+ 540 649 31
* 413 467 60
* 406 585 50
* 415 646 18
? 56
* 56 173 27
+ 290 368 62
? 162
? 497
+ 243 640 33
* 208 484 96
* 632 664 66
? 276
+ 107 448 56
+ 38 191 34
* 354 412 21
* 125 271 79
* 175 386 31
+ 113 144 37
+ 272 392 26
* 94 509 8
+ 158 618 94
? 322
+ 592 607 6
+ 354 577 16
+ 228 572 95
* 403 582 65
* 215 237 27
+ 209 637 33
+ 235 246 35
? 28
* 604 652 87
* 148 612 18
? 287
+ 3 122 75
* 84 282 84
+ 112 429 79
+ 347 598 86
+ 311 399 50
+ 415 644 63
* 384 497 21
+ 255 628 38
+ 56 546 84
? 449
+ 252 603 38
? 562
* 417 542 16
* 92 653 39
* 329 566 39
? 266
+ 322 405 63
? 186
+ 121 662 11
* 145 667 31
* 276 433 76
+ 395 400 25
? 488
+ 347 405 38
+ 60 270 78
? 615
* 73 317 59
+ 132 369 52
+ 36 153 8
* 311 591 60
+ 180 443 3
+ 181 407 44
? 367
? 445
+ 317 498 62
* 395 535 99
? 561
+ 350 428 20
? 620
? 583
+ 44 378 83
* 200 539 14
+ 249 489 89
? 638
+ 3 293 94
+ 176 476 93
* 249 350 67
* 396 483 97
+ 383 570 92
? 204
+ 491 565 48
+ 26 449 79
? 58
? 443
* 175 249 62
+ 538 578 84
+ 393 503 10
* 72 515 54
? 294
+ 299 534 40
+ 140 153 78
* 129 148 90
* 182 429 99
+ 220 348 45
? 644
* 160 170 20
+ 57 289 14
* 519 620 30
? 324
? 550
+ 65 247 62
? 400
* 195 397 99
+ 2 318 58
? 17
+ 81 171 16
* 42 517 19
+ 206 398 98
* 377 480 7
* 357 430 58
+ 105 415 22
* 159 260 50
? 628
* 2 454 78
* 147 361 31
* 319 524 2
? 287
* 524 571 22
+ 376 656 30
+ 51 188 100
* 62 158 35
* 64 119 51
+ 453 555 35
* 301 582 49
* 5 459 44
? 549
+ 156 280 54
+ 41 414 61
? 90
? 504
+ 390 615 82
* 199 203 33
* 516 633 42
* 157 278 19
+ 108 322 76
* 381 647 60
+ 303 431 62
* 290 341 80
+ 384 441 8
? 296
+ 9 313 32
+ 141 542 63
+ 105 196 60
? 631
+ 107 437 34
* 431 626 77
* 56 110 10
? 288
+ 24 655 58
? 62
? 163
* 280 551 63
* 82 153 98
+ 44 609 29
? 252
* 216 624 57
? 466
* 5 122 16
* 144 395 49
+ 52 505 36
? 229
+ 334 394 19
* 301 417 80
+ 396 630 67
* 284 621 94
? 348
+ 355 626 73
* 72 462 60
* 292 568 45
? 317
+ 246 266 47
* 125 155 94
+ 169 425 93
+ 389 496 86
* 15 192 12
+ 1 547 58
* 222 418 93
* 172 184 13
* 377 608 73
+ 182 356 43
* 326 531 5
? 486
* 43 364 96
+ 144 151 87
+ 356 474 3
+ 258 414 65
* 63 576 26
+ 169 462 75
? 88
+ 149 451 31
* 293 368 22
? 205
+ 377 404 67
+ 56 98 1
+ 1 653 100
+ 91 278 35
+ 82 219 24
+ 258 510 35
+ 365 423 53
+ 550 614 37
* 280 489 95
* 463 624 6
* 237 527 29
+ 355 521 15
* 218 526 7
+ 96 206 18
? 375
+ 230 420 64
+ 282 607 72
* 232 418 72
+ 265 531 98
* 269 605 84
+ 613 633 74
+ 154 296 37
* 274 541 73
+ 358 660 43
* 226 353 54
? 614
+ 439 499 48
* 201 651 14
+ 28 174 93
* 86 487 4
+ 10 379 3
+ 93 264 95
+ 206 282 49
* 59 131 23
+ 181 567 63
+ 113 394 58
+ 127 171 43
+ 65 254 32
* 34 490 51
* 15 306 44
+ 10 569 30
+ 272 501 66
? 20
* 371 588 52
* 338 662 82
+ 365 662 27
+ 80 276 43
? 285
+ 34 387 20
* 425 459 15
+ 386 485 23
* 183 212 34
? 430
* 314 494 11
+ 25 430 54
* 524 528 64
+ 322 379 66
* 81 284 83
+ 112 158 69
? 227
+ 277 542 34
* 142 534 46
+ 4 434 56
* 30 205 57
* 82 115 61
* 537 574 56
* 596 653 45
? 193
+ 59 74 3
? 302
+ 49 367 63
+ 137 637 60
+ 303 479 37
+ 314 360 54
? 342
* 472 492 74
+ 104 424 22
? 347
+ 475 627 59
+ 171 175 75
+ 531 532 70
* 76 416 82
+ 548 563 42
+ 122 445 70
+ 32 156 67
+ 130 305 85
+ 315 537 66
* 157 412 52
* 366 466 7
? 203
? 489
? 309
+ 325 565 32
* 614 649 26
* 8 488 93
* 551 639 27
* 14 277 56
* 89 104 80
* 75 251 17
? 151
+ 105 356 91
* 227 281 41
+ 310 364 51
* 298 506 100
+ 27 95 59
* 78 627 45
* 457 466 7
+ 485 530 28
+ 23 640 89
* 72 88 28
+ 50 397 69
* 489 562 45
* 228 666 12
* 106 413 59
? 349
* 508 595 95
* 9 331 90
* 402 409 2
* 240 657 83
+ 25 447 28
+ 360 376 51
? 62
* 570 645 72
+ 66 287 21
+ 318 359 87
? 531
* 305 351 96
+ 16 392 7
* 30 161 4
? 287
* 565 565 5
? 521
? 661
* 310 350 27
? 483
* 615 618 95
* 610 665 69
? 159
+ 445 592 77
* 168 530 74
+ 111 528 60
* 362 500 48
+ 523 643 48
+ 346 347 4
* 88 506 98
* 331 406 95
* 340 346 81
* 299 653 40
* 63 639 84
* 126 665 26
+ 331 593 50
* 321 525 84
+ 13 250 48
? 317
+ 303 549 82
* 294 594 73
+ 488 617 98
? 637
* 403 451 60
+ 163 337 31
+ 130 236 3
+ 543 631 89
+ 256 659 56
* 450 550 69
+ 254 305 12
+ 209 407 50
+ 222 643 79
* 21 213 47
* 358 430 57
? 217
+ 169 666 34
* 5 407 70
+ 83 507 15
+ 64 84 84
? 501
* 8 644 45
* 210 538 38
* 192 325 15
* 321 547 46
* 179 424 28
+ 393 603 60
? 520
* 53 237 12
+ 551 659 33
+ 299 385 30
? 403
+ 52 113 41
? 441
? 49
* 172 407 22
* 318 653 48
* 621 626 99
* 238 649 49
? 640
? 337
* 35 663 61
? 308
* 271 509 64
? 469
+ 209 436 7
+ 27 332 100
+ 298 666 69
? 559
* 554 604 87
* 144 248 14
? 402
+ 97 647 29
? 634
? 466
* 6 660 8
* 288 424 41
* 229 351 85
+ 16 60 31
* 200 234 11
* 419 594 49
? 143
* 148 443 40
? 287
+ 34 100 41
+ 90 91 69
* 166 210 1
? 279
* 30 179 15
? 545
* 237 250 80
+ 331 455 75
* 496 625 8
* 83 236 24
? 85
+ 337 618 84
+ 393 583 47
+ 447 633 7
+ 166 601 57
+ 59 165 58
* 160 589 69
+ 343 578 61
+ 163 428 81
+ 123 562 84
* 220 431 74
+ 312 366 10
* 143 199 63
* 182 385 47
* 244 435 25
* 58 446 10
+ 307 439 31
+ 336 408 13
? 629
+ 328 329 91
+ 11 530 68
? 106
? 326
* 105 326 98
* 254 511 84
? 239
? 314
+ 352 499 28
* 165 417 26
+ 153 374 61
* 433 653 2
* 307 564 86
* 203 404 23
? 90
+ 326 442 52
* 462 533 27
? 242
* 15 408 16
* 25 97 44
+ 589 628 37
* 313 476 24
+ 210 464 64
+ 260 350 18
+ 163 573 73
? 387
* 252 635 91
* 114 308 97
+ 539 630 67
* 173 254 60
* 100 378 90
? 229
* 140 638 51
* 116 564 28
? 235
? 38
* 541 667 34
+ 354 470 45
+ 230 664 84
* 78 408 12
* 293 652 60
? 415
* 88 486 86
? 87
+ 257 304 97
+ 68 278 7
+ 470 499 90
* 244 262 21
* 200 240 93
+ 566 650 75
+ 513 558 88
+ 549 651 30
* 125 361 89
* 132 412 36
* 34 139 68
* 138 516 30
? 58
* 570 618 95
+ 95 491 18
? 455
+ 277 568 41
+ 396 619 89
* 298 461 2
* 427 654 45
* 44 507 91
+ 57 478 31
* 40 636 7
? 224
? 372
* 356 468 68
? 454
* 348 664 26
* 365 577 90
* 252 609 21
+ 512 565 43
* 23 183 79
+ 321 493 2
+ 46 499 12
? 377
? 472
? 349
+ 157 544 93
? 238
* 404 608 30
* 412 470 48
+ 296 430 36
+ 66 595 59
+ 133 573 76
+ 387 434 90
+ 189 413 35
? 331
? 548
? 483
* 470 636 1
? 319
* 378 471 23
* 498 510 79
? 230
* 463 499 77
+ 106 125 82
* 74 189 22
+ 5 33 100
? 411
* 460 478 7
* 253 330 78
? 125
+ 94 113 24
* 37 343 75
? 514
? 146
* 427 511 74
* 121 527 46
* 327 461 27
? 9
* 102 445 78
+ 199 229 90
* 41 423 18
+ 186 187 21
+ 172 617 53
* 187 448 74
? 113
? 296
+ 152 300 45
+ 127 176 82
+ 190 270 54
* 317 448 30
* 140 494 94
? 203
+ 409 458 73
* 26 580 30
* 275 422 78
* 289 314 83
+ 205 578 50
? 629
* 393 459 34
+ 154 463 18
+ 225 292 58
+ 33 311 69
* 299 413 95
* 362 558 4
* 296 338 55
* 194 655 54
+ 23 636 26
+ 357 368 1
* 202 259 66
* 26 404 88
+ 235 317 60
? 581
+ 107 563 86
+ 406 436 54
+ 469 567 97
* 201 339 15
+ 62 96 86
+ 297 344 81
* 178 587 13
* 139 577 19
* 163 461 67
* 196 305 49
* 249 460 36
* 164 343 75
* 4 323 63
+ 14 389 27
+ 304 588 70
? 445
+ 187 640 29
+ 564 622 88
* 410 549 17
* 63 69 28
* 107 317 39
+ 131 373 59
+ 33 104 97
* 272 584 73
* 128 260 52
+ 42 109 87
* 273 284 6
* 170 356 43
* 236 320 50
+ 441 620 16
* 581 636 89
* 534 594 59
* 491 628 19
+ 350 466 60
? 553
+ 345 434 40
? 386
* 126 451 44
? 457
* 324 541 91
+ 167 196 60
? 420
+ 201 369 9
? 311
* 148 618 50
+ 335 550 88
+ 226 462 74
+ 102 454 28
* 9 626 3
+ 27 435 95
+ 225 449 16
+ 439 667 57
* 208 529 22
* 216 437 33
+ 296 347 68
+ 484 572 84
+ 51 324 93
* 100 199 70
+ 274 520 63
* 5 383 94
? 446
+ 75 382 16
+ 29 174 69
* 177 451 57
? 649
* 374 492 29
* 135 395 41
* 45 112 54
+ 155 546 56
+ 154 584 45
+ 205 473 44
* 235 428 97
? 113
+ 86 472 87
? 131
? 577
+ 96 455 3
? 59
? 466
+ 353 466 82
* 388 639 74
* 38 336 93
+ 367 552 18
+ 208 419 99
* 117 130 98
+ 17 267 51
? 227
? 615
+ 86 328 7
+ 427 469 23
+ 427 552 72
* 324 492 7
+ 400 611 54
+ 352 660 67
? 164
* 330 491 82
+ 147 313 59
? 574
+ 322 422 47
* 72 505 11
* 390 608 84
? 262
* 141 529 76
+ 61 394 75
+ 224 228 29
* 285 467 84
+ 88 466 2
+ 68 644 78
* 415 663 81
+ 76 538 6
+ 21 152 71
* 168 300 35
+ 7 638 12
+ 419 662 43
* 333 647 51
* 148 214 33
? 76
* 66 227 34
+ 252 511 34
+ 443 558 62
* 298 585 100
? 277
+ 349 586 84
+ 260 352 52
+ 202 396 2
? 239
* 322 540 49
+ 319 641 10
* 183 548 93
* 348 499 76
+ 82 413 65
* 95 578 54
? 418
* 72 483 65
? 13
* 284 609 6
? 371
? 616
* 10 664 33
+ 338 525 77
* 321 549 19
+ 38 256 58
* 123 451 55
* 272 435 50
+ 229 634 1
+ 341 499 16
+ 280 365 90
+ 445 507 46
+ 176 219 8
* 40 598 33
? 374
* 159 535 44
* 90 209 21
* 49 169 28
* 481 574 70
* 120 279 14
+ 69 86 40
+ 157 609 1
+ 439 512 59
* 331 636 67
+ 85 294 65
+ 124 233 39
+ 265 330 53
* 51 531 24
? 473
* 184 318 22
? 515
? 96
+ 389 553 20
+ 346 575 95
? 438
* 350 387 79
? 624
* 315 430 80
+ 321 598 32
+ 88 594 1
+ 313 574 78
+ 215 375 25
+ 31 133 29
? 106
* 79 644 50
+ 381 430 77
+ 219 650 38
? 519
* 296 580 12
* 224 426 38
* 220 277 26
* 530 580 73
* 163 666 42
* 67 150 70
+ 153 438 22
* 137 352 31
+ 29 475 65
* 665 666 1
+ 217 391 79
? 641
* 123 166 72
+ 173 504 81
* 180 389 53
* 530 665 51
+ 67 75 91
+ 170 476 74
* 46 284 46
? 570
+ 300 634 19
? 579
+ 108 474 34
+ 220 324 12
? 103
+ 376 496 31
* 106 240 90
+ 488 640 32
+ 366 602 51
* 126 222 51
* 188 457 89
* 191 611 37
+ 119 289 58
* 81 665 29
* 12 604 38
* 606 626 49
+ 106 156 24
+ 3 186 46
+ 308 312 14
* 446 545 66
* 42 493 57
* 352 605 50
+ 410 445 9
* 107 580 44
* 166 381 10
+ 33 261 19
* 127 244 91
+ 123 480 41
* 18 520 67
* 348 630 78
+ 83 133 51
* 114 389 35
+ 202 286 53
* 281 479 41
* 154 284 15
* 28 436 14
+ 31 612 34
* 295 557 91
+ 324 485 49
* 3 428 10
* 140 294 64
* 379 451 41
+ 10 76 12
+ 280 409 96
+ 115 295 60
* 228 510 74
+ 168 483 2
+ 8 560 12
+ 66 246 8
+ 108 295 40
* 188 510 97
+ 605 622 88
* 35 192 96
* 104 645 96
+ 360 512 1
* 315 397 84
? 208
+ 395 485 77
? 422
? 556
+ 590 638 23
* 66 347 61
* 525 581 1
? 254
* 259 665 62
? 524
? 485
* 316 464 65
? 665
? 213
* 152 556 13
? 221
+ 135 511 54
* 203 428 35
? 203
+ 245 458 28
? 106
+ 328 377 92
* 565 608 23
+ 128 233 89
+ 349 645 72
? 175
+ 524 579 49
* 201 448 83
? 528
+ 498 590 21
+ 70 272 9
+ 94 652 1
* 64 485 30
? 587
? 389
* 215 393 14
? 299
+ 129 136 92
? 255
+ 412 607 74
? 62
* 503 597 92
? 578
* 35 523 41
* 41 126 98
+ 32 232 8
+ 17 589 77
* 373 395 82
+ 287 535 8
? 307
* 381 565 43
* 30 150 81
* 230 658 48
+ 59 369 53
* 355 435 86
? 222
+ 323 447 62
* 52 636 39
+ 74 399 3
* 344 667 57
* 415 624 84
? 182
+ 595 626 24
+ 457 642 60
+ 603 650 95
+ 94 219 61
+ 7 405 17
* 69 663 81
+ 359 646 96
? 219
+ 94 417 12
* 519 587 78
+ 274 517 60
? 523
* 355 523 100
? 384
* 258 587 83
* 382 650 7
? 298
* 367 374 27
? 62
* 39 84 72
+ 57 623 35
* 325 580 21
+ 171 396 22
+ 97 189 65
+ 322 359 29
* 202 647 42
+ 639 651 10
? 586
? 279
? 597
* 145 549 17
* 405 434 24
+ 153 153 21
* 294 294 96
* 82 360 11
* 501 591 43
* 536 594 42
* 142 473 37
+ 125 569 51
+ 64 424 29
+ 96 504 63
+ 247 422 7
? 409
+ 16 501 94
+ 76 410 52
+ 256 543 70
? 523
* 1 86 11
* 557 653 20
+ 211 276 8
* 44 49 55
* 117 216 46
? 596
* 626 640 68
* 394 471 64
* 243 632 24
+ 60 558 34
+ 199 216 8
+ 134 265 29
+ 375 660 70
+ 28 201 18
+ 34 374 79
? 115
* 179 229 6
+ 96 364 91
? 360
? 385
* 41 602 99
+ 263 436 47
* 190 484 63
+ 120 406 4
+ 107 534 4
* 119 540 75
* 415 588 21
+ 76 148 29
+ 81 375 86
? 651
* 104 509 47
* 76 594 100
+ 50 588 65
* 107 475 30
+ 41 368 45
+ 269 379 8
+ 22 590 52
+ 630 650 21
? 214
+ 135 643 8
? 8
+ 22 294 80
+ 33 416 23
+ 191 445 13
* 165 433 53
+ 505 584 76
? 51
+ 229 250 46
+ 119 188 9
+ 194 348 6
+ 273 522 26
* 5 202 40
+ 280 329 44
+ 76 361 80
? 361
+ 456 479 90
? 361
* 376 657 14
+ 417 596 82
* 48 222 7
+ 483 503 92
? 375
* 50 72 28
? 542
? 445
+ 332 377 93
+ 83 330 30
? 666
* 35 614 9
? 75
+ 119 449 44
* 161 462 59
* 355 608 12
* 227 586 1
* 387 554 77
+ 266 557 15
+ 265 636 10
* 117 155 34
+ 367 548 64
* 21 642 40
* 285 490 1
* 301 458 28
* 560 629 8
* 402 438 40
* 124 478 13
* 584 597 30
? 482
+ 315 324 50
+ 628 635 36
* 497 555 2
* 327 406 97
* 2 205 1
+ 75 283 100
+ 647 660 45
+ 334 396 17
* 93 617 83
+ 426 487 4
+ 329 420 92
+ 139 208 58
* 52 424 25
* 211 600 98
* 26 142 62
* 88 124 94
? 24
* 74 577 68
* 429 609 20
* 137 337 90
+ 185 322 19
+ 139 230 72
+ 237 534 78
+ 23 343 58
+ 169 242 81
? 285
? 123
? 54
* 400 599 33
+ 145 314 83
? 595
* 2 5 57
* 76 420 83
+ 31 113 87
* 56 480 35
+ 220 325 48
* 361 413 80
* 107 289 38
? 190
+ 86 166 12
+ 219 580 35
+ 214 255 100
+ 167 239 73
* 451 570 30
* 180 512 6
* 96 200 45
+ 339 584 71
* 389 595 51
* 49 60 46
* 94 343 55
* 7 411 26
* 564 664 97
+ 116 299 17
+ 419 622 71
* 181 516 25
+ 160 467 58
? 59
* 245 469 3
+ 392 445 71
? 117
? 261
+ 122 215 98
* 422 527 61
? 350
+ 180 266 57
+ 391 482 74
? 189
* 369 474 15
+ 103 188 82
? 94
+ 72 267 12
* 266 513 91
+ 237 584 1
? 496
* 440 479 16
* 382 575 13
? 636
+ 274 376 91
* 147 158 51
* 258 280 59
? 574
* 505 639 26
* 454 663 55
+ 238 319 39
? 251
* 136 449 77
* 292 444 66
* 517 607 23
+ 129 239 31
* 512 524 45
+ 35 127 83
+ 195 383 2
+ 67 436 32
+ 63 584 10
+ 126 634 41
+ 144 537 21
+ 301 491 62
? 235
* 174 596 54
+ 112 646 41
? 42
+ 536 595 33
? 331
+ 31 634 32
* 63 592 44
* 258 654 4
+ 290 628 89
+ 355 534 57
+ 530 539 26
? 403
* 322 370 57
+ 56 350 11
+ 314 602 47
* 194 533 50
* 114 139 34
+ 232 647 7
+ 424 532 63
? 651
? 29
+ 496 604 9
* 532 542 48
* 162 600 17
+ 223 480 84
+ 20 644 90
? 575
* 204 489 79
* 210 618 59
+ 114 433 20
? 366
+ 92 193 41
+ 232 341 70
? 659
* 220 391 71
* 515 599 88
? 87
* 76 200 77
* 497 567 85
? 454
+ 128 431 73
+ 333 536 32
* 267 520 93
+ 11 442 94
+ 577 603 79
* 102 573 14
* 409 487 31
* 41 460 33
* 141 486 95
+ 359 475 42
+ 186 549 4
* 93 541 68
* 192 413 64
? 94
* 99 110 52
+ 525 627 3
+ 78 244 28
* 172 356 96
? 6
+ 232 283 47
+ 79 297 96
? 407
+ 375 641 88
+ 95 474 45
* 99 531 68
* 225 232 60
* 355 384 66
+ 288 536 41
? 5
? 1
+ 138 157 8
* 284 371 50
* 56 78 41
+ 428 516 93
+ 329 617 56
+ 47 602 11
+ 78 316 17
+ 38 93 76
+ 433 450 54
* 319 553 48
* 163 181 39
? 205
* 252 279 16
* 353 497 6
+ 284 450 30
* 43 586 90
* 23 529 75
+ 361 518 59
* 154 530 96
* 389 468 61
* 6 331 54
+ 302 515 37
+ 451 642 12
? 478
* 171 527 74
? 237
* 128 640 8
? 645
* 207 519 41
* 449 475 18
+ 117 244 68
? 54
* 225 437 53
+ 68 121 70
? 37
? 242
+ 5 76 43
* 98 600 27
+ 134 199 71
+ 74 158 35
* 72 196 4
* 18 134 92
? 358
+ 368 657 45
+ 455 570 31
+ 269 273 35
+ 124 647 7
* 6 485 90
+ 405 660 99
? 70
? 84
+ 14 15 88
+ 87 235 74
* 431 487 82
? 232
? 143
+ 75 414 51
+ 222 470 85
? 111
* 124 149 86
? 299
+ 274 381 7
* 229 240 24
+ 37 63 41
+ 268 402 12
+ 102 405 46
* 600 657 64
+ 62 614 32
+ 325 591 47
* 392 478 9
* 538 643 27
? 270
? 196
* 31 91 16
? 322
+ 268 569 99
* 121 234 88
+ 589 648 31
* 47 667 84
* 393 514 69
* 122 636 85
* 115 151 80
* 468 534 70
* 521 566 85
+ 76 207 5
* 82 338 35
+ 471 633 20
* 15 74 57
* 192 399 28
? 169
+ 95 292 87
+ 36 507 73
? 401
+ 174 539 25
? 591
+ 66 605 77
? 43
+ 269 270 7
? 336
* 288 608 49
* 93 455 92
+ 47 258 16
+ 192 570 65
* 81 394 2
* 359 553 78
* 434 609 73
+ 576 593 7
* 251 369 46
+ 123 540 28
? 578
* 173 659 23
+ 353 523 18
+ 241 667 83
* 405 599 59
* 172 658 26
* 302 480 99
* 351 427 87
* 371 379 56
+ 132 217 47
+ 556 573 62
+ 594 649 11
* 294 657 45
* 124 317 46
+ 289 349 44
+ 286 433 7
* 30 358 13
? 392
+ 210 373 39
* 10 371 38
+ 93 180 70
? 381
* 101 239 4
? 216
* 246 274 31
+ 251 595 39
* 301 436 75
* 553 588 55
? 406
+ 165 515 87
+ 38 641 31
+ 376 579 73
+ 80 560 19
* 218 260 74
+ 403 484 17
+ 530 549 88
* 92 491 62
* 10 345 22
+ 478 534 83
? 516
* 67 500 68
+ 17 359 47
? 240
* 91 593 33
* 319 490 74
+ 303 665 15
+ 18 439 58
* 389 449 69
* 335 427 94
? 577
? 313
? 158
? 154
+ 482 595 69
* 70 510 12
* 89 169 27
* 15 69 24
+ 435 664 10
* 152 231 79
+ 198 344 99
* 66 117 42
* 166 513 50
+ 128 362 94
* 211 244 13
* 11 654 82
* 281 318 58
+ 456 525 54
? 427
* 449 496 12
* 38 501 93
? 472
+ 332 517 35
* 371 438 63
+ 287 311 16
+ 94 127 66
+ 60 491 23
? 117
+ 33 75 26
* 417 665 37
* 481 644 62
+ 245 443 100
? 562
+ 249 269 58
+ 140 649 59
* 52 629 14
? 378
+ 528 577 4
? 42
* 484 542 2
* 28 376 41
* 436 549 66
+ 142 626 62
* 79 477 49
+ 25 98 97
+ 107 322 64
* 39 541 43
+ 235 385 38
* 298 313 8
? 456
? 170
? 190
* 214 538 62
+ 349 386 55
* 163 573 61
* 569 666 23
* 381 665 35
* 467 618 80
* 348 354 96
+ 57 375 45
? 346
+ 65 288 56
+ 14 608 81
+ 485 635 58
+ 296 418 32
* 323 485 74
+ 138 631 64
+ 154 424 34
+ 105 571 53
* 65 278 1
* 81 203 18
* 94 253 49
? 259
* 602 620 78
+ 12 208 5
? 582
+ 12 606 100
? 27
* 331 443 67
+ 107 351 86
+ 296 367 5
* 68 439 38
+ 336 660 91
* 274 303 64
+ 188 648 21
+ 101 290 32
* 32 359 2
* 101 189 68
? 180
+ 396 445 60
+ 264 566 65
* 318 541 4
+ 562 578 72
* 83 609 48
+ 303 627 49
* 315 410 70
+ 353 463 28
+ 335 468 57
* 23 168 55
* 301 588 56
* 424 629 11
* 159 323 72
* 23 88 5
+ 6 425 80
+ 4 372 64
+ 285 467 26
* 56 335 66
? 83
* 241 506 67
+ 226 260 92
* 506 652 13
? 67
? 280
* 412 564 65
* 366 579 82
* 68 390 14
* 208 215 80
+ 40 553 87
? 41
+ 357 638 20
+ 371 571 47
+ 208 340 8
? 407
+ 389 536 25
+ 21 502 85
* 89 549 13
+ 62 228 4
* 26 104 76
? 311
+ 523 649 25
+ 311 453 74
? 555
? 405
? 452
* 323 376 59
? 437
* 201 500 65
? 564
? 347
+ 552 606 13
* 116 374 90
? 331
? 213
+ 46 438 64
* 205 591 30
* 451 494 99
+ 135 480 9
+ 197 590 31
+ 389 643 51
+ 87 204 15
+ 164 630 100
+ 36 179 74
* 429 596 86
? 570
* 493 660 47
? 605
* 96 580 18
+ 13 376 58
+ 164 617 43
+ 185 225 55
? 76
? 280
* 105 158 39
? 319
* 223 638 39
* 62 403 37
+ 218 358 43
* 83 106 23
+ 236 319 80
+ 37 258 61
? 568
+ 124 187 26
+ 89 437 13
+ 533 642 15
? 196
+ 141 235 59
+ 2 532 13
+ 160 410 37
+ 257 667 22
? 660
+ 278 644 50
+ 262 567 3
* 132 301 36
+ 151 245 100
+ 3 332 16
? 259
? 582
? 624
* 24 158 15
+ 42 412 84
* 220 666 8
* 23 51 71
* 193 208 61
* 58 70 42
* 397 632 94
* 34 434 70
* 173 546 44
* 211 402 45
+ 487 655 9
+ 386 395 6
* 145 273 78
+ 125 138 19
+ 236 457 27
+ 79 88 51
+ 42 589 21
+ 364 604 87
? 555
+ 32 311 76
+ 130 476 24
* 585 609 10
? 253
? 606
? 464
* 213 392 24
* 112 532 24
+ 230 328 34
* 49 338 48
* 143 337 19
+ 143 582 63
+ 148 666 50
? 521
+ 357 632 43
+ 107 559 34
+ 21 660 100
* 220 549 36
* 32 38 5
? 254
+ 398 604 61
+ 524 605 47
? 54
+ 45 270 73
* 397 651 82
* 69 552 79
? 283
? 354
? 275
+ 442 444 4
+ 266 522 56
* 36 206 27
+ 26 337 2
+ 310 354 83
* 25 587 90
? 657
* 236 434 98
? 58
+ 433 661 66
? 343
+ 12 501 39
+ 527 532 62
* 18 602 39
* 518 535 42
+ 591 593 32
? 584
+ 340 581 76
