673 7522 14
* 291 424 85
? 489
+ 67 423 45
* 195 498 84
* 349 636 67
* 200 576 34
+ 452 646 10
* 587 639 13
* 451 596 88
* 329 573 78
* 32 345 14
* 490 524 79
* 300 561 76
+ 98 347 73
+ 25 165 4
+ 136 592 6
* 318 489 60
? 140
? 42
* 514 563 23
* 151 586 20
? 404
? 329
* 120 461 35
+ 140 292 14
+ 10 572 64
+ 240 493 26
+ 124 384 16
* 59 155 85
* 128 303 48
? 136
* 90 555 84
* 491 502 69
+ 203 645 92
+ 349 662 40
+ 74 304 11
? 431
+ 199 582 89
+ 53 60 62
* 35 524 74
+ 218 513 44
* 178 427 87
+ 554 617 42
? 389
* 179 297 37
? 366
* 259 541 82
+ 164 386 100
? 603
* 484 636 30
? 214
? 483
? 565
+ 623 656 51
? 164
+ 233 411 75
+ 222 544 81
+ 483 530 99
* 160 558 29
* 29 189 38
* 426 499 60
* 203 528 13
+ 66 343 13
+ 429 613 15
? 177
? 264
+ 273 432 96
* 569 575 84
? 214
* 105 417 62
+ 14 441 10
+ 28 142 2
+ 125 625 59
? 525
+ 176 281 70
? 309
+ 59 559 9
? 433
* 72 328 67
+ 155 311 19
* 268 441 73
+ 59 156 38
+ 30 126 64
+ 262 336 31
* 296 551 48
? 591
* 161 228 51
* 442 503 69
* 414 435 75
* 573 631 43
+ 290 352 20
+ 456 462 93
* 10 62 19
* 80 471 92
? 95
+ 433 636 88
+ 287 562 77
+ 548 561 2
* 24 628 74
* 149 373 44
+ 112 612 52
? 39
+ 502 600 18
+ 128 640 70
+ 1 106 43
? 152
* 120 559 50
? 652
* 45 613 43
+ 583 626 4
* 569 604 67
+ 291 539 84
* 255 571 70
* 86 520 11
* 179 236 30
? 568
* 296 606 10
+ 68 575 5
? 358
* 104 183 90
* 456 672 93
+ 9 65 18
* 178 267 94
? 327
+ 535 592 78
* 287 327 56
+ 305 468 76
+ 300 526 91
+ 313 504 8
? 619
* 349 407 76
* 142 536 70
* 409 611 19
* 171 660 38
+ 56 219 61
* 390 404 38
* 11 610 14
* 288 614 97
+ 159 203 6
? 657
* 136 155 76
* 156 462 26
? 1
+ 160 463 8
* 140 569 49
* 581 584 25
* 222 224 42
* 130 544 58
+ 135 321 11
* 110 589 17
+ 346 570 27
* 152 448 56
+ 165 416 7
+ 569 571 82
+ 59 252 21
? 27
? 112
* 430 542 90
+ 44 345 76
+ 40 40 9
? 105
* 122 673 12
* 311 540 51
* 426 430 1
+ 485 609 84
* 276 662 20
? 443
* 352 574 4
* 82 277 66
* 268 334 34
+ 22 115 90
* 91 286 70
* 150 213 20
? 619
? 334
+ 546 607 52
* 90 111 54
+ 114 285 40
? 464
+ 76 496 51
+ 604 618 96
? 19
* 57 537 37
? 229
* 122 339 65
* 205 607 45
? 525
* 601 661 49
* 543 596 12
+ 146 410 44
+ 342 558 89
+ 324 628 30
? 287
+ 345 630 59
? 12
+ 535 569 45
+ 157 526 56
+ 99 320 4
+ 289 333 41
* 9 658 46
* 42 565 100
? 466
* 303 361 62
? 588
+ 240 609 6
* 232 507 90
? 659
* 591 667 89
+ 79 442 60
+ 106 673 22
? 475
+ 258 587 3
+ 223 445 27
? 7
* 272 613 10
? 459
? 359
* 537 645 11
* 50 634 10
+ 29 252 33
* 184 553 55
+ 115 273 45
+ 329 611 81
? 192
* 163 185 46
? 234
* 338 572 54
+ 297 421 67
+ 189 574 11
+ 143 401 79
? 529
? 245
* 352 535 84
? 41
+ 348 612 31
+ 93 636 44
* 355 456 42
* 353 507 30
* 4 473 58
+ 309 640 71
+ 287 396 27
+ 284 298 18
+ 11 433 99
* 207 641 76
+ 283 527 85
? 38
* 4 203 96
* 82 434 55
? 186
+ 264 532 50
* 469 536 61
+ 95 97 36
+ 263 544 34
+ 49 65 39
+ 361 544 68
+ 252 447 33
* 103 141 51
+ 69 641 52
+ 11 393 78
+ 446 610 4
+ 426 535 66
* 407 468 73
* 226 562 59
+ 73 570 65
? 572
? 576
+ 448 521 58
? 125
* 274 659 26
+ 3 68 62
+ 190 543 20
+ 213 561 34
? 588
? 7
+ 53 454 95
* 568 633 85
? 168
* 143 235 9
* 516 550 3
* 159 523 22
? 437
* 97 468 78
+ 51 581 16
* 241 482 69
? 604
+ 414 611 65
* 13 636 26
? 127
? 376
+ 243 600 60
? 405
? 238
+ 461 562 37
+ 11 288 82
* 164 563 29
+ 322 360 57
* 135 604 17
* 33 282 11
? 12
? 536
* 216 477 55
+ 426 658 17
* 345 512 99
* 312 364 63
+ 59 477 16
+ 100 358 11
* 149 305 63
+ 54 251 49
* 149 618 99
* 319 622 78
+ 48 390 84
? 608
* 293 537 9
* 248 667 87
* 344 374 93
? 446
+ 32 104 35
+ 9 32 61
+ 356 526 5
? 103
* 262 284 37
* 136 191 1
* 409 593 14
? 79
+ 186 278 39
? 631
* 135 611 17
* 42 261 39
* 28 334 4
* 117 125 71
? 667
? 242
* 243 555 28
* 78 629 91
* 455 456 32
* 470 624 87
* 120 153 38
* 327 494 89
+ 578 598 5
* 356 439 66
* 417 531 54
? 29
+ 107 495 49
+ 173 446 49
* 262 587 1
+ 202 282 63
* 87 414 93
? 285
? 635
+ 115 261 25
+ 151 362 84
+ 23 361 74
+ 574 610 50
? 350
+ 59 436 42
* 53 594 81
* 214 360 6
* 238 669 74
* 478 542 86
+ 153 481 82
+ 285 592 24
+ 456 573 33
* 106 223 89
* 490 587 72
* 92 106 73
* 332 492 43
? 648
? 623
+ 26 598 20
* 6 131 76
+ 134 508 51
* 64 133 68
+ 377 470 5
* 107 391 99
+ 108 580 42
+ 292 515 28
+ 159 314 10
? 236
* 74 428 40
+ 177 667 3
? 411
+ 49 541 97
* 15 470 95
+ 408 554 25
? 472
+ 43 87 42
* 148 157 22
+ 318 583 35
+ 259 438 51
* 447 597 88
* 441 569 95
* 453 629 10
? 68
+ 352 411 36
* 18 612 15
+ 409 437 5
+ 157 325 95
? 348
+ 169 218 56
* 272 508 6
+ 82 643 53
* 34 215 46
+ 204 485 84
* 292 669 81
? 510
* 93 183 24
+ 314 369 87
? 578
* 537 562 45
* 509 520 17
+ 416 630 74
+ 341 530 58
+ 98 667 48
? 435
+ 153 402 63
+ 325 631 70
* 187 406 65
+ 351 564 84
? 420
? 282
? 382
? 491
? 113
? 207
* 217 609 61
+ 21 252 98
+ 347 452 9
* 185 333 15
* 293 429 8
+ 366 412 14
* 8 358 84
* 590 664 5
? 531
+ 332 593 53
* 367 469 54
+ 46 145 7
+ 372 605 42
* 219 290 30
+ 126 459 11
* 102 165 39
+ 158 224 39
* 265 622 1
* 77 562 84
? 564
* 173 309 32
+ 394 664 85
+ 595 630 52
* 148 664 55
* 59 524 84
* 76 514 60
* 167 590 3
* 37 445 80
* 541 650 74
? 518
+ 120 391 60
* 66 190 19
+ 457 533 57
+ 59 392 75
? 557
? 306
+ 301 552 32
? 525
+ 20 644 36
* 150 344 94
+ 241 499 91
+ 132 399 23
+ 86 664 19
? 386
* 170 449 3
* 285 420 62
+ 588 630 76
+ 86 212 80
* 16 220 48
? 210
* 177 278 20
* 552 632 49
? 371
+ 33 565 88
+ 358 593 9
+ 58 103 24
* 660 670 10
* 26 404 88
* 44 284 17
? 630
+ 587 649 72
+ 73 591 41
+ 265 405 12
* 66 267 2
+ 57 286 55
* 267 347 1
+ 356 407 20
? 116
* 189 619 22
+ 243 570 17
+ 118 240 30
+ 30 300 34
+ 139 657 24
? 622
+ 254 537 62
+ 347 619 1
? 589
* 2 373 53
? 663
+ 147 498 15
+ 227 250 71
+ 359 596 6
+ 200 534 36
* 250 600 10
* 152 157 17
? 355
+ 308 641 52
* 184 563 77
* 107 115 75
* 570 649 48
? 31
? 517
* 123 510 28
+ 38 388 32
* 186 221 56
+ 142 597 99
* 124 563 20
* 24 600 13
* 148 267 69
* 531 641 34
* 123 308 37
? 325
? 342
+ 432 499 32
+ 500 525 79
? 382
+ 103 522 68
+ 575 673 74
? 644
+ 241 291 30
? 582
* 350 535 30
+ 138 437 39
* 147 391 28
+ 91 408 65
+ 304 377 13
? 123
+ 36 121 45
+ 333 401 4
+ 399 483 27
? 673
* 122 473 2
? 136
+ 140 567 61
+ 1 3 32
? 182
+ 2 37 6
+ 213 515 85
+ 157 462 62
* 219 302 7
* 35 265 86
+ 110 278 21
+ 455 513 61
* 259 584 3
* 382 661 60
? 71
? 227
? 193
* 458 507 90
* 42 72 77
* 119 400 100
+ 34 400 53
* 109 130 8
+ 87 282 18
* 33 191 79
* 37 195 28
* 369 562 58
+ 305 420 19
+ 2 297 100
+ 39 107 95
+ 122 295 100
? 116
* 438 656 69
+ 287 571 40
* 254 606 31
? 608
+ 40 628 42
+ 575 666 21
* 340 358 64
+ 20 573 100
? 434
+ 7 623 53
* 1 458 66
* 228 417 76
? 220
? 2
+ 274 341 70
+ 237 466 58
+ 309 369 38
* 197 273 90
? 522
? 409
+ 136 519 14
* 329 413 94
+ 404 580 76
* 91 397 93
* 314 496 55
+ 198 563 58
? 411
* 166 257 64
+ 243 418 71
? 276
+ 204 371 4
* 137 174 91
? 9
+ 206 376 6
+ 120 461 10
? 419
+ 116 472 39
+ 150 350 53
+ 360 613 75
* 56 504 63
* 156 268 95
* 221 344 86
? 276
* 74 309 85
+ 256 592 64
+ 72 333 77
+ 60 497 6
+ 107 423 79
+ 179 648 68
? 45
* 354 360 25
+ 49 659 54
? 318
+ 489 536 84
+ 547 548 74
* 32 558 87
+ 179 464 33
* 273 447 95
+ 110 552 99
? 288
+ 150 193 4
+ 138 480 2
+ 188 652 31
+ 235 278 17
+ 387 660 50
? 496
* 52 506 40
* 112 595 28
* 302 609 4
? 251
+ 286 571 23
+ 106 350 73
* 133 443 65
+ 519 596 45
+ 619 654 57
+ 197 580 63
* 335 473 47
+ 663 666 91
* 190 515 92
* 239 308 94
+ 46 406 62
* 333 632 96
* 91 358 59
* 519 640 47
? 24
? 351
+ 41 191 65
+ 409 512 82
+ 64 170 100
? 232
+ 44 649 96
? 627
* 22 597 89
* 252 479 47
* 103 643 9
* 368 405 44
+ 201 223 26
? 395
+ 287 602 32
+ 51 410 67
? 344
+ 189 556 56
+ 279 600 80
+ 447 469 41
* 451 540 15
? 281
? 69
* 119 546 56
* 273 465 46
? 263
* 12 317 54
* 132 311 19
+ 232 451 78
+ 338 519 8
* 32 611 84
* 140 435 14
* 465 597 98
+ 480 618 56
* 319 619 4
? 344
+ 136 558 75
* 337 666 61
+ 369 498 14
* 429 508 29
+ 321 668 12
+ 102 284 80
+ 36 397 79
+ 194 350 57
? 293
* 116 315 5
+ 291 325 75
+ 10 88 1
? 317
+ 217 265 51
? 508
? 589
+ 35 45 78
? 539
* 31 194 78
+ 600 671 20
* 39 551 56
? 592
? 305
? 324
* 295 367 79
* 107 266 28
? 562
? 438
* 182 247 47
* 507 663 49
? 547
+ 306 652 48
+ 191 193 79
* 418 450 91
+ 138 589 17
+ 229 496 47
* 79 339 17
+ 257 632 10
* 618 646 11
* 127 324 71
+ 85 270 54
+ 545 610 32
* 19 261 92
* 19 515 13
+ 142 335 5
? 396
* 534 651 77
+ 159 491 48
+ 26 446 34
* 120 638 39
* 378 638 87
? 299
+ 436 668 63
* 211 250 94
* 408 641 4
* 49 255 16
* 241 646 85
* 174 583 88
+ 38 363 86
+ 3 404 53
* 308 533 66
? 625
* 129 559 25
+ 176 633 77
+ 80 474 61
* 414 551 76
? 144
* 92 484 17
+ 81 197 3
* 610 616 11
+ 291 487 56
* 573 612 41
* 265 270 56
+ 218 664 59
+ 62 534 90
* 22 649 41
+ 256 644 61
+ 104 383 99
* 276 499 58
* 369 382 57
+ 300 496 74
+ 87 204 93
+ 52 468 18
* 144 258 65
? 506
* 160 459 83
* 51 130 54
+ 499 595 7
* 29 152 57
* 454 550 70
+ 618 658 100
* 113 403 43
* 275 535 51
* 55 619 22
* 46 400 43
* 313 548 1
+ 265 519 68
* 423 466 89
+ 486 487 85
+ 80 593 12
+ 14 115 8
* 371 465 27
* 147 246 24
? 428
* 306 517 83
* 187 553 30
+ 172 497 82
+ 139 503 6
* 170 528 23
? 130
+ 458 609 5
+ 396 402 46
* 84 319 52
* 296 400 17
? 229
* 198 350 91
+ 182 408 33
* 132 495 51
* 43 308 62
? 489
+ 527 536 50
* 65 498 52
+ 240 592 78
? 455
+ 162 195 51
* 271 276 85
* 257 579 5
? 238
? 278
+ 10 102 85
+ 528 608 30
* 639 662 39
? 198
* 157 596 15
* 74 308 92
? 312
+ 1 385 36
? 160
+ 14 293 11
? 136
* 40 141 1
? 579
+ 308 400 55
? 474
+ 240 394 12
+ 600 648 86
? 173
* 520 587 96
? 310
+ 249 297 59
+ 23 605 39
* 352 543 36
+ 49 305 18
* 481 660 95
* 436 517 85
+ 152 496 52
* 18 327 33
+ 75 366 40
+ 189 410 79
* 381 621 97
+ 188 561 82
+ 420 509 19
* 103 365 51
+ 213 655 48
? 411
* 571 599 8
+ 16 461 89
* 198 216 8
* 139 541 38
+ 474 495 91
* 293 519 2
? 122
* 19 583 36
? 53
* 29 500 63
+ 52 426 62
? 146
+ 95 279 86
* 112 453 99
+ 131 593 80
? 367
* 390 505 14
+ 330 518 38
? 310
* 116 179 100
+ 126 268 13
+ 379 607 47
* 202 349 3
+ 104 537 61
* 77 174 70
+ 53 344 99
+ 17 59 63
? 49
* 110 617 56
* 378 613 86
* 590 630 82
+ 389 466 56
* 248 655 17
* 29 172 11
* 14 586 53
+ 364 488 80
* 218 458 18
+ 17 485 88
* 395 460 90
+ 48 329 75
+ 344 580 42
+ 147 482 6
+ 80 148 23
* 111 537 31
+ 516 618 35
? 392
* 439 518 49
* 178 490 51
? 325
* 15 228 94
+ 52 662 76
* 485 668 46
? 593
* 346 622 26
* 377 410 33
* 206 367 27
* 42 230 52
+ 115 239 33
* 195 657 32
* 426 587 26
* 540 651 84
+ 114 621 96
+ 238 435 6
* 460 478 74
+ 492 599 21
? 188
+ 102 491 32
* 395 671 90
? 342
* 141 419 25
+ 307 364 91
* 591 641 85
* 52 303 8
* 196 436 42
+ 335 494 61
? 437
* 32 230 32
? 593
+ 201 343 45
* 188 196 97
+ 442 656 15
+ 79 220 49
+ 98 591 23
? 622
* 519 614 32
* 141 269 16
* 139 658 50
+ 120 275 71
+ 291 304 12
* 14 269 50
* 285 613 8
+ 100 277 36
* 152 318 99
* 117 174 63
+ 120 505 89
* 66 86 20
+ 97 229 73
* 241 243 27
* 211 215 13
? 110
+ 283 334 47
* 62 182 9
+ 329 443 86
+ 455 528 60
* 394 594 80
? 135
+ 40 658 81
+ 540 658 17
* 146 397 3
? 166
+ 428 472 73
* 248 405 57
+ 152 431 85
+ 262 474 50
+ 280 653 93
+ 370 662 71
* 81 607 98
+ 157 470 40
* 191 391 56
* 136 447 73
+ 89 668 77
+ 74 471 52
? 208
+ 416 462 85
+ 454 654 68
+ 303 523 82
* 169 273 24
* 19 306 16
* 11 223 46
+ 172 483 46
* 83 503 91
* 310 497 49
* 104 510 99
* 48 468 18
? 85
+ 96 332 20
* 498 585 100
? 122
? 267
? 523
+ 244 330 85
* 175 498 97
+ 191 640 23
? 409
? 134
+ 402 558 81
* 591 611 81
* 500 637 28
* 132 543 50
* 45 111 58
* 2 116 6
+ 542 651 70
* 382 543 32
+ 3 439 96
? 101
+ 98 537 36
* 377 664 26
+ 304 488 76
* 569 588 51
? 438
+ 369 598 20
* 490 657 22
* 179 210 62
+ 382 645 45
+ 7 360 99
* 119 318 57
* 267 379 40
* 301 662 82
* 122 499 26
* 183 598 87
* 164 414 64
* 178 505 63
* 13 112 51
+ 92 444 58
+ 181 610 58
+ 330 388 45
+ 510 572 77
* 205 349 44
+ 270 281 52
* 400 652 75
+ 443 592 12
? 124
+ 511 564 58
+ 19 44 46
* 8 149 79
* 188 275 8
? 166
+ 148 308 48
+ 275 318 31
* 30 421 37
* 60 564 95
? 167
? 39
+ 441 451 5
+ 66 556 1
+ 270 413 43
* 212 618 3
* 260 384 25
+ 440 578 64
+ 511 646 20
+ 134 551 10
+ 219 599 14
* 249 383 10
* 298 658 28
+ 73 434 2
? 15
* 525 629 72
* 123 181 9
? 176
+ 517 608 32
+ 101 252 73
+ 379 599 4
? 205
* 5 97 97
* 269 618 34
? 292
+ 533 619 63
* 290 614 94
* 84 354 24
+ 341 656 3
+ 176 474 95
+ 11 84 3
* 235 564 74
? 66
+ 227 355 67
? 310
+ 120 446 60
+ 527 550 80
+ 200 533 34
+ 407 510 78
+ 61 161 41
+ 458 488 16
* 122 664 76
? 235
* 117 239 19
* 91 448 34
* 354 581 8
* 335 461 76
+ 361 453 9
? 571
+ 512 534 3
+ 236 427 87
? 201
+ 327 497 96
* 220 500 20
* 465 637 83
* 78 270 88
* 250 300 27
* 139 167 82
? 514
+ 295 324 41
+ 131 411 90
+ 17 96 85
+ 297 548 98
? 175
* 28 541 58
+ 134 388 45
? 556
? 466
+ 542 596 26
+ 482 570 51
+ 394 592 33
* 397 398 22
+ 413 538 41
? 471
* 53 85 87
+ 147 555 29
+ 304 585 69
* 301 500 17
? 353
? 96
? 544
+ 2 637 71
* 459 506 95
? 641
+ 204 655 92
+ 51 285 67
+ 433 516 24
* 95 429 79
* 38 98 75
+ 256 479 34
* 10 306 78
? 31
* 81 658 58
* 291 442 5
* 348 403 10
+ 54 241 43
? 532
? 64
+ 369 570 96
* 526 651 79
* 219 593 75
? 228
+ 459 630 83
+ 91 149 4
+ 46 641 14
+ 562 661 45
+ 6 176 29
+ 351 426 37
+ 403 609 8
+ 460 545 22
+ 269 372 24
* 348 355 37
* 294 388 55
* 414 552 67
* 234 623 61
* 195 568 84
+ 355 482 78
* 161 522 57
+ 333 359 92
+ 118 557 99
? 622
+ 245 311 61
? 267
+ 352 564 44
* 199 456 95
* 388 406 43
+ 89 359 45
+ 553 661 23
+ 136 448 39
* 304 649 40
* 435 661 66
+ 80 470 82
+ 265 500 67
* 350 559 23
+ 456 520 87
? 625
+ 188 600 24
+ 135 363 77
* 446 522 34
* 27 458 77
* 182 310 13
* 144 294 23
* 299 569 100
? 617
* 306 502 83
+ 84 658 79
+ 106 316 6
* 315 658 23
+ 264 317 18
+ 275 638 24
* 89 524 41
+ 355 585 21
? 292
? 645
* 118 140 59
* 151 507 66
+ 66 155 10
* 302 310 85
+ 50 427 60
* 528 658 18
* 167 330 70
? 432
+ 393 497 96
+ 20 159 69
* 485 659 37
* 141 372 63
? 253
? 269
* 563 667 95
? 553
+ 3 272 79
* 87 420 64
? 2
+ 324 491 14
+ 35 460 24
+ 130 208 71
+ 57 130 12
* 154 190 92
* 367 544 75
* 258 451 4
* 400 658 62
+ 35 391 63
* 94 323 68
+ 82 397 41
+ 135 180 83
? 179
+ 602 630 90
+ 499 645 60
+ 575 654 47
* 75 261 12
* 362 413 25
* 17 600 35
+ 63 189 71
* 144 243 27
+ 70 243 22
+ 427 592 61
* 288 560 26
+ 89 382 27
+ 19 475 16
? 91
* 45 334 61
* 495 550 99
* 265 514 75
* 66 208 81
? 447
+ 156 186 77
* 206 533 13
+ 39 604 97
? 480
* 273 482 65
+ 369 371 60
+ 465 501 32
+ 104 377 44
? 236
? 473
+ 416 640 40
+ 167 480 57
+ 190 417 67
* 566 673 19
* 1 461 55
* 112 612 36
* 50 551 28
* 100 395 97
+ 223 366 52
+ 217 373 18
* 253 581 100
* 326 652 55
* 460 573 83
? 375
? 293
+ 469 490 40
+ 69 540 32
* 80 422 29
+ 84 622 77
? 105
* 4 353 71
+ 73 165 33
+ 175 223 38
+ 152 472 87
* 345 387 53
+ 431 551 22
? 444
+ 124 327 73
? 619
+ 277 515 4
? 127
* 407 618 82
* 341 354 74
+ 196 525 14
+ 70 636 61
* 470 650 92
* 480 659 37
* 467 509 38
? 435
? 299
* 258 489 100
* 26 232 2
? 449
+ 145 553 80
* 8 550 38
+ 660 669 63
* 253 581 50
? 196
* 334 420 10
+ 147 469 1
* 452 482 82
* 314 634 60
+ 508 569 95
* 245 644 98
? 620
* 208 367 38
+ 147 571 36
? 629
+ 237 424 88
+ 314 513 67
* 466 488 47
+ 134 297 75
? 628
+ 437 539 8
+ 624 667 22
+ 434 574 12
? 401
* 162 263 52
* 145 660 58
+ 166 202 5
? 639
? 96
* 47 670 88
+ 83 275 41
* 300 559 12
+ 80 256 79
* 520 593 64
* 133 215 72
+ 161 402 52
+ 150 264 66
? 292
? 619
* 535 664 30
* 63 637 72
+ 504 635 79
+ 262 293 77
+ 176 200 14
* 186 526 68
? 490
? 588
+ 142 656 3
* 651 653 57
+ 528 640 15
* 174 355 96
* 350 469 21
+ 352 413 4
+ 213 438 14
+ 362 407 95
+ 213 615 62
+ 259 357 18
* 321 519 51
* 326 548 19
+ 472 672 92
* 87 159 68
+ 81 670 41
+ 12 318 68
+ 46 146 23
* 296 659 9
+ 408 484 32
* 151 190 100
+ 60 556 8
+ 95 443 76
* 201 494 28
+ 276 411 50
+ 497 584 71
? 528
? 88
? 55
+ 114 573 87
+ 443 593 33
* 316 555 7
* 535 563 88
* 101 526 65
? 509
+ 136 478 53
+ 362 587 60
* 236 616 29
+ 2 394 99
+ 116 232 71
* 293 310 9
+ 391 507 93
+ 456 562 23
? 571
* 165 261 92
+ 203 655 65
+ 288 462 70
* 92 386 20
+ 8 561 47
* 210 331 44
* 454 495 17
* 24 49 54
* 184 418 17
? 316
+ 156 482 10
? 490
+ 206 255 5
* 255 593 40
? 9
? 324
+ 308 452 58
+ 137 379 9
? 123
* 260 564 100
? 409
* 222 404 32
+ 137 236 11
* 178 431 15
+ 45 275 69
* 230 585 89
? 248
* 329 594 59
+ 295 527 70
? 659
? 505
* 137 321 38
* 20 137 58
+ 225 485 97
? 59
+ 108 496 90
? 501
? 634
? 52
* 11 508 36
+ 323 368 47
* 52 108 29
* 246 314 81
+ 284 363 6
? 190
? 38
+ 111 253 1
* 228 371 86
+ 152 531 57
+ 171 444 46
* 390 617 52
* 308 397 53
* 427 583 83
+ 5 348 85
* 51 615 73
? 633
* 274 531 25
? 663
* 197 268 46
* 189 399 23
+ 212 546 49
? 338
+ 285 407 80
* 451 554 92
+ 34 168 95
* 378 668 69
+ 56 421 74
* 261 667 66
+ 193 526 28
* 457 605 81
+ 157 193 75
? 645
+ 72 350 99
+ 28 613 87
+ 608 670 44
+ 117 128 7
? 48
+ 207 530 13
+ 499 517 27
+ 170 389 19
* 237 317 17
+ 259 321 47
* 346 506 1
* 214 631 65
? 68
+ 22 238 74
+ 454 661 79
? 225
+ 65 327 30
? 588
* 420 572 41
+ 96 656 88
+ 78 283 94
+ 600 636 43
* 302 414 70
+ 379 555 48
* 168 495 35
+ 400 629 60
* 82 435 88
* 36 550 99
? 113
+ 265 543 21
* 43 570 43
? 391
+ 63 364 89
+ 303 609 13
+ 170 200 31
* 96 445 63
+ 241 399 99
* 28 57 36
? 70
* 261 302 57
* 18 313 25
+ 35 625 85
* 318 547 90
+ 138 447 75
+ 279 333 65
+ 64 583 34
* 360 618 64
* 573 615 63
? 412
* 57 483 36
* 90 292 30
+ 365 569 16
? 274
+ 4 321 80
+ 371 623 98
+ 162 179 71
+ 109 481 2
* 547 594 67
+ 407 446 36
* 135 455 46
? 589
+ 216 667 88
+ 265 367 64
* 358 604 91
+ 12 671 18
* 70 124 9
? 204
+ 255 620 74
* 192 525 27
* 426 608 93
+ 519 553 68
+ 74 637 15
* 183 507 58
+ 384 420 41
? 423
+ 69 261 92
* 148 673 27
+ 69 366 1
+ 115 532 84
* 332 513 68
+ 212 660 36
+ 442 605 13
* 294 505 23
* 441 634 7
+ 162 195 67
* 83 331 70
+ 351 437 13
* 563 616 37
+ 390 626 55
+ 263 434 54
+ 70 384 38
* 473 643 71
? 251
+ 14 359 22
* 383 512 24
* 170 241 59
* 291 426 50
* 581 590 50
+ 396 454 75
* 172 410 40
* 147 197 11
? 557
+ 182 269 55
+ 78 343 94
* 274 587 55
+ 324 558 30
* 151 435 19
* 124 197 97
* 261 270 68
? 500
* 577 586 24
? 315
+ 34 602 42
? 13
+ 124 164 40
+ 88 90 29
? 579
* 358 665 85
* 133 544 69
+ 308 320 76
* 209 354 25
* 123 449 71
* 151 509 84
* 176 649 55
? 396
* 256 528 44
+ 259 273 28
* 16 40 88
* 75 275 57
? 353
* 368 409 75
* 434 622 26
* 475 642 90
* 178 559 20
* 75 632 3
* 12 102 35
+ 228 333 22
+ 472 544 2
+ 75 569 29
+ 81 223 61
* 485 542 65
? 606
+ 34 219 23
? 6
+ 257 473 1
+ 16 229 98
+ 111 501 31
* 51 298 22
* 169 239 75
+ 287 622 89
* 220 352 31
+ 61 238 43
+ 321 584 39
* 95 328 76
+ 13 453 93
+ 411 496 46
+ 235 496 8
* 62 74 49
? 568
* 82 343 25
* 365 559 72
+ 360 402 30
+ 114 185 75
* 192 599 23
* 99 563 97
* 126 222 54
+ 234 311 84
* 318 585 92
* 63 373 13
* 388 448 46
* 24 658 33
* 46 82 84
* 104 467 68
+ 126 404 54
+ 55 228 25
* 544 602 10
+ 471 525 92
+ 149 402 26
* 259 495 80
* 285 660 21
? 269
+ 283 624 77
? 281
* 149 639 99
? 308
? 641
* 248 563 74
? 506
+ 176 607 40
* 5 188 96
+ 458 585 97
* 453 481 87
+ 31 146 24
* 367 372 36
+ 139 508 70
* 8 620 88
+ 51 451 85
+ 555 591 23
+ 531 598 58
* 315 354 86
* 307 595 56
+ 186 210 88
? 349
* 153 400 51
+ 36 226 91
? 21
* 131 293 49
? 286
* 47 618 84
+ 520 656 75
* 207 220 39
* 104 313 84
? 300
* 341 421 35
* 566 582 33
+ 133 314 2
* 186 368 67
* 67 118 35
+ 53 564 100
+ 66 389 79
* 298 491 53
? 334
+ 71 648 92
+ 297 644 38
+ 104 405 95
* 503 566 73
+ 75 134 61
* 87 90 73
* 514 651 54
+ 141 532 37
* 545 668 20
* 239 529 34
+ 367 440 92
* 50 370 38
* 105 245 44
+ 68 532 98
* 107 210 85
* 27 392 36
? 26
+ 263 593 11
* 112 553 64
* 89 585 50
? 621
* 60 179 62
? 269
+ 104 295 42
* 210 550 18
? 41
+ 48 50 53
+ 72 324 90
+ 352 408 73
+ 78 254 8
* 582 597 2
* 138 468 62
+ 4 353 53
? 588
? 108
? 35
? 92
? 611
+ 82 577 36
* 83 290 68
? 582
+ 149 504 95
? 281
+ 46 317 65
? 412
+ 303 504 13
* 44 51 72
? 565
? 176
+ 212 417 79
* 535 641 45
* 72 273 33
? 11
* 494 642 74
* 486 648 78
? 539
+ 327 456 28
* 385 476 5
? 231
* 430 437 96
+ 250 429 80
* 326 602 91
* 324 569 91
? 480
* 134 516 59
* 294 336 64
+ 91 119 13
+ 119 260 86
+ 30 223 22
+ 313 646 90
? 185
* 155 540 16
+ 390 396 28
* 201 584 83
+ 301 452 39
* 246 425 79
* 469 573 74
* 262 343 37
* 128 168 67
* 230 539 67
* 168 531 23
? 643
+ 194 394 63
+ 271 549 45
+ 358 673 40
? 128
+ 338 609 90
? 169
+ 154 278 86
? 248
* 96 312 80
* 344 512 71
* 168 465 4
+ 130 614 67
* 361 546 7
+ 480 571 22
* 369 547 25
? 164
? 627
* 107 122 16
* 39 70 82
+ 145 321 33
+ 475 523 24
* 239 509 14
+ 49 354 87
? 444
* 5 395 87
* 35 580 7
* 377 413 1
+ 412 614 100
* 137 607 38
* 103 491 7
? 197
* 46 616 57
? 105
* 392 590 10
* 425 520 3
* 395 669 88
? 144
+ 148 246 10
* 226 250 14
* 272 608 27
+ 62 118 81
? 486
* 103 498 56
* 96 347 59
* 41 247 74
* 483 547 60
? 417
? 411
? 65
? 560
+ 117 500 15
* 9 67 76
? 232
? 382
+ 324 628 80
+ 13 648 24
* 383 401 30
* 555 666 99
+ 194 408 22
? 498
+ 150 213 70
+ 163 173 65
* 151 478 35
* 33 187 97
? 68
* 193 604 100
? 567
+ 198 398 66
* 359 456 28
+ 270 395 100
? 591
+ 623 654 67
* 64 69 44
+ 15 210 59
* 332 489 6
+ 151 290 24
? 548
? 418
* 65 84 83
+ 159 240 6
* 280 394 76
* 161 274 72
* 137 616 90
* 162 242 45
? 366
* 398 430 61
* 138 500 50
* 86 162 63
+ 327 382 7
+ 509 594 68
* 421 424 91
+ 125 258 10
* 471 487 3
* 241 265 76
* 187 411 64
? 187
* 150 272 38
+ 241 543 55
? 255
? 250
+ 24 191 36
* 89 133 7
* 180 224 76
+ 86 600 87
* 344 453 1
* 32 335 3
+ 102 219 97
+ 119 372 13
* 156 561 62
+ 366 401 48
* 243 339 57
* 35 143 87
* 436 531 67
? 97
+ 469 476 44
? 364
+ 182 293 60
+ 201 443 90
* 159 219 1
* 398 669 43
+ 270 480 10
? 275
* 489 563 74
* 537 572 29
* 346 585 95
* 176 222 56
? 29
* 234 284 51
* 266 621 90
+ 181 497 83
* 571 583 45
? 482
* 53 572 13
+ 230 546 25
* 493 620 27
? 212
* 38 97 89
* 390 394 40
? 80
+ 114 162 17
+ 454 597 45
+ 234 262 14
+ 548 634 89
+ 6 102 72
+ 103 227 35
* 296 370 38
+ 515 531 11
? 124
+ 357 409 13
* 364 464 7
+ 89 174 57
* 171 484 60
* 123 123 55
* 424 602 83
* 408 465 49
+ 260 428 53
+ 56 249 46
+ 121 316 80
* 71 247 78
? 109
+ 82 660 19
+ 159 579 8
+ 35 392 78
+ 34 231 14
+ 19 558 15
* 427 664 52
+ 154 650 66
* 63 328 4
? 314
+ 76 348 74
+ 327 404 37
+ 347 496 4
? 378
+ 114 368 80
* 46 159 51
+ 385 663 24
? 337
* 63 550 1
+ 217 670 3
+ 129 417 97
+ 240 356 64
+ 99 211 10
? 484
+ 461 515 77
+ 85 455 38
+ 173 364 90
* 212 429 26
? 669
* 117 129 1
+ 142 166 5
+ 453 495 60
* 173 475 85
+ 269 394 7
* 159 260 36
* 163 411 39
* 166 540 91
* 257 338 99
? 555
* 107 484 66
* 377 443 45
+ 405 554 8
+ 105 203 82
* 7 84 97
* 160 281 93
? 486
* 513 592 67
* 168 462 50
* 182 385 34
* 151 324 33
+ 152 269 45
+ 3 622 61
+ 42 480 97
? 481
* 103 441 6
* 258 325 66
? 475
+ 51 68 89
* 276 641 11
? 575
+ 71 179 17
+ 427 490 33
+ 495 601 19
* 76 502 48
+ 267 470 9
+ 272 424 4
? 644
* 149 380 77
* 53 608 55
* 222 510 3
+ 178 361 50
+ 85 269 46
+ 32 611 20
+ 278 321 80
* 573 610 96
* 447 614 77
+ 536 586 44
+ 83 438 42
+ 130 268 88
+ 514 517 10
? 525
* 172 589 39
* 411 438 1
* 96 378 53
? 307
* 277 492 19
+ 523 665 10
* 342 658 18
+ 31 268 68
* 47 428 24
* 261 400 86
+ 299 553 57
* 49 59 10
* 262 535 90
* 57 81 83
+ 110 668 32
+ 56 536 54
? 557
+ 60 310 29
* 148 203 16
* 102 495 99
* 317 612 99
+ 367 450 3
+ 18 430 79
? 426
+ 58 613 50
* 416 592 67
* 241 433 42
+ 137 418 17
+ 64 325 19
+ 113 650 3
* 292 341 35
+ 54 600 11
* 229 424 20
* 202 438 50
+ 115 283 14
? 267
+ 507 573 33
+ 1 308 28
+ 355 381 31
+ 359 402 55
+ 23 454 38
+ 127 459 89
* 141 497 21
+ 286 547 52
* 35 434 87
+ 54 231 81
+ 203 455 25
+ 39 154 22
+ 253 506 61
+ 62 669 6
+ 502 662 92
? 198
* 56 379 70
+ 378 653 30
* 129 188 9
* 141 416 67
* 282 525 71
+ 376 564 49
+ 50 446 53
+ 196 290 58
? 79
? 636
* 565 669 40
+ 429 593 28
+ 6 599 65
* 105 597 81
+ 38 223 80
+ 554 625 50
* 418 535 24
* 253 381 40
* 22 670 3
+ 430 595 74
+ 391 548 33
* 232 445 70
+ 202 299 35
+ 155 345 66
+ 330 535 65
+ 1 240 36
+ 46 448 26
+ 29 76 71
* 201 252 47
? 421
* 93 628 64
? 617
+ 23 416 88
+ 57 604 62
+ 296 578 78
* 491 545 58
* 493 566 2
* 352 552 66
* 312 573 17
+ 335 353 84
+ 474 494 45
+ 354 464 79
+ 1 249 40
+ 205 215 40
? 627
? 2
? 213
? 31
* 267 444 7
* 473 623 41
? 432
* 93 385 19
+ 53 574 66
* 231 601 20
? 269
+ 270 665 75
? 132
* 60 127 32
+ 53 191 14
* 211 355 5
* 88 630 5
* 412 528 42
* 315 355 19
+ 1 587 46
+ 84 202 68
? 484
? 146
+ 251 512 77
+ 45 143 38
+ 591 645 61
* 129 359 61
? 559
+ 97 346 10
* 177 651 32
+ 154 365 72
? 537
* 447 585 98
+ 307 585 36
+ 6 66 79
+ 536 601 98
+ 177 566 55
+ 188 645 41
+ 172 626 6
* 188 372 75
? 492
? 62
+ 182 416 8
+ 437 503 75
? 325
+ 342 640 46
* 226 274 94
+ 123 166 94
* 308 464 56
? 178
? 127
+ 477 563 19
* 301 356 84
? 458
? 616
* 423 653 80
* 246 651 97
* 448 660 40
* 160 287 80
+ 216 345 31
+ 358 484 41
* 177 436 38
* 40 377 74
? 608
? 535
+ 290 553 60
? 548
* 219 370 59
+ 55 459 84
* 518 670 77
* 98 243 53
* 34 192 32
* 499 581 74
+ 46 622 51
+ 275 508 16
? 47
+ 19 646 35
+ 244 318 36
+ 320 612 42
? 437
+ 2 264 30
+ 182 465 40
+ 124 473 72
? 620
? 230
? 658
+ 202 657 40
* 276 525 49
+ 50 423 55
* 148 496 64
* 345 501 49
+ 240 461 2
+ 26 556 18
+ 368 636 91
* 530 672 72
* 488 527 9
* 3 194 56
+ 245 255 87
+ 284 291 36
+ 205 221 81
+ 121 364 63
? 462
* 404 481 52
+ 173 597 92
* 50 188 38
? 607
+ 175 668 90
* 159 595 45
* 173 631 46
+ 219 613 84
* 15 491 80
* 242 364 22
* 478 503 98
+ 169 209 21
+ 359 662 32
* 408 618 31
? 292
+ 233 306 44
+ 217 595 55
? 46
? 378
+ 2 670 28
+ 131 546 89
* 156 602 98
* 78 199 66
* 360 604 15
* 321 510 19
* 172 344 82
+ 63 573 46
* 106 639 39
+ 32 452 17
* 143 615 84
* 198 465 47
+ 228 323 69
+ 45 522 37
* 2 136 31
* 599 646 86
* 576 631 42
+ 306 398 14
? 457
* 226 234 58
? 271
+ 165 300 63
+ 150 384 68
* 403 596 35
* 418 638 96
? 323
+ 414 489 46
+ 321 567 30
+ 114 268 52
* 233 410 97
* 358 532 100
? 497
* 222 350 60
* 499 528 98
+ 326 483 38
* 85 505 65
* 96 219 27
+ 562 645 44
* 61 233 31
+ 95 271 32
* 331 621 27
+ 8 192 19
? 592
* 92 265 85
* 17 240 37
? 600
? 619
+ 97 169 18
+ 382 667 60
+ 306 381 19
? 224
* 483 617 93
+ 258 606 90
* 417 475 6
+ 390 583 21
+ 112 143 82
+ 185 227 80
? 619
+ 428 672 81
* 81 232 94
+ 31 586 15
* 394 413 2
? 652
? 111
* 357 423 31
+ 99 347 39
? 646
* 204 482 46
+ 35 215 42
+ 91 287 51
? 197
* 139 327 2
* 244 440 92
* 3 562 17
* 240 287 67
+ 68 386 46
+ 194 350 94
* 152 327 18
* 10 354 86
+ 308 590 41
+ 400 635 60
? 30
* 97 388 16
* 288 647 77
* 265 390 88
+ 43 538 25
* 183 361 64
* 140 146 7
+ 265 608 10
* 308 444 56
? 250
* 83 642 13
+ 141 261 78
? 501
* 57 425 22
* 427 609 30
? 671
* 305 629 41
? 205
+ 302 569 35
* 138 201 1
* 211 260 70
* 362 542 55
? 519
* 30 529 89
+ 310 318 29
? 619
* 71 351 95
+ 212 429 17
* 35 497 87
+ 370 564 31
+ 73 474 48
+ 28 600 13
* 171 544 96
+ 333 581 4
+ 383 535 59
+ 150 540 91
* 328 413 51
+ 193 624 61
? 293
? 313
* 425 435 98
+ 480 660 26
* 57 134 88
+ 197 495 39
+ 190 651 7
+ 130 159 2
* 269 489 22
* 566 614 76
? 389
* 126 573 64
? 75
* 436 450 50
+ 62 190 81
? 53
+ 321 321 9
+ 248 489 89
* 155 508 70
+ 132 354 28
* 649 654 23
* 45 52 12
+ 546 560 59
* 145 250 31
* 338 439 60
* 15 164 21
+ 541 604 30
* 24 578 29
* 268 402 27
* 72 349 92
+ 4 44 84
* 265 664 19
* 379 411 84
* 23 350 15
? 666
+ 236 522 35
+ 136 452 67
+ 209 360 34
+ 355 504 85
* 192 479 42
* 189 457 79
? 304
* 344 667 48
+ 155 348 90
+ 620 660 6
? 618
+ 445 664 11
? 206
* 117 241 17
? 672
* 248 665 69
+ 72 498 79
+ 310 478 52
+ 143 379 79
? 653
? 247
? 481
* 294 382 22
* 445 645 44
+ 74 142 8
+ 270 566 10
? 443
* 129 310 75
* 150 421 62
* 30 529 19
? 628
? 507
+ 103 277 43
+ 90 211 22
* 78 151 99
* 36 357 71
? 357
* 386 534 92
* 228 656 61
+ 295 582 16
+ 69 75 14
* 47 671 67
+ 139 649 42
* 172 360 24
* 133 363 9
* 99 259 70
+ 382 570 87
* 98 151 47
? 492
* 63 630 36
+ 103 278 50
+ 588 612 59
* 14 520 53
? 356
+ 218 457 16
? 463
* 498 566 56
* 11 633 69
+ 34 262 69
? 462
* 148 476 9
+ 352 503 16
+ 423 637 27
* 288 569 75
+ 35 154 39
* 28 606 12
+ 419 442 30
* 82 338 84
? 256
* 348 603 15
+ 75 397 31
+ 495 614 60
+ 87 442 46
+ 155 339 82
* 46 672 75
* 108 185 65
+ 97 458 33
* 243 433 50
* 483 522 41
* 102 106 65
+ 145 230 73
+ 135 618 78
* 8 553 62
+ 71 114 60
? 468
? 635
? 273
+ 502 636 57
* 247 500 10
* 96 281 68
+ 197 529 22
* 422 428 43
? 222
* 260 626 32
* 84 442 55
+ 436 551 95
+ 641 654 80
* 359 535 11
? 411
* 283 400 70
? 363
? 157
* 53 387 13
* 647 656 79
+ 68 233 47
+ 177 577 94
+ 387 671 18
* 486 647 14
* 235 310 2
+ 253 436 29
? 537
? 192
* 77 106 74
? 402
? 452
? 167
+ 48 266 74
* 287 294 96
+ 476 503 86
+ 474 494 100
* 214 629 11
* 257 399 97
+ 286 420 39
+ 138 475 36
* 137 274 24
+ 179 470 28
* 30 117 91
? 467
* 50 134 20
* 1 342 11
? 607
* 41 141 86
* 306 631 21
* 4 321 6
? 588
? 42
+ 220 255 60
+ 379 524 58
* 171 440 98
* 111 457 24
+ 96 665 47
* 354 462 18
? 476
+ 185 505 85
? 338
* 637 666 21
* 160 308 81
* 83 589 18
* 271 446 100
? 280
* 407 476 5
+ 30 142 66
* 322 492 90
+ 491 542 30
? 534
? 18
? 464
+ 131 299 21
? 355
* 50 359 54
* 395 475 7
* 283 345 68
? 100
* 540 634 25
+ 358 542 68
+ 473 649 65
* 135 170 31
+ 103 193 38
+ 363 640 12
+ 48 154 91
+ 98 412 51
* 613 672 72
+ 107 161 38
+ 280 425 17
+ 74 249 98
? 268
* 1 421 96
? 226
+ 434 494 94
+ 106 659 45
+ 144 458 35
* 460 648 72
+ 256 581 90
? 131
+ 248 605 18
? 426
* 74 313 82
+ 226 486 10
+ 150 658 78
* 14 481 69
? 265
? 321
* 23 30 26
+ 365 609 14
+ 22 103 92
? 423
* 27 532 87
+ 421 660 78
* 54 498 53
* 267 267 96
+ 478 527 88
* 127 163 19
* 228 576 59
* 84 522 43
* 67 437 38
* 571 625 49
+ 298 322 78
+ 138 425 1
* 221 488 68
* 511 583 38
* 350 633 19
* 405 571 40
* 455 490 10
? 80
* 182 632 4
? 530
* 227 559 70
? 210
* 14 663 5
* 327 508 5
? 7
? 422
+ 109 629 21
+ 429 597 41
* 275 500 9
* 101 640 52
+ 337 548 72
* 97 463 26
* 57 209 36
+ 9 462 30
+ 236 454 33
+ 262 484 47
* 176 216 55
* 528 562 26
* 497 618 89
* 110 345 54
+ 326 545 16
* 97 366 31
+ 222 281 71
? 40
? 468
* 83 522 95
? 533
+ 97 374 50
+ 59 195 30
+ 119 194 76
* 35 450 83
+ 151 616 6
? 361
* 394 476 26
* 40 111 60
+ 273 590 77
+ 305 659 17
+ 151 571 64
* 193 524 67
* 59 222 7
? 300
* 308 411 82
+ 357 594 57
* 21 321 24
+ 304 456 45
+ 435 465 48
* 157 666 26
+ 55 321 56
+ 555 652 35
* 545 666 23
+ 457 458 46
* 1 521 63
+ 255 309 17
+ 236 490 94
+ 93 560 26
+ 245 316 67
* 216 569 62
? 625
* 212 600 98
* 521 652 39
+ 226 627 41
* 465 518 26
* 167 598 76
? 511
* 122 422 83
* 325 599 24
? 447
? 580
* 260 540 33
+ 48 408 39
+ 79 169 2
* 116 215 20
? 229
* 178 553 45
? 624
* 372 537 88
+ 365 414 35
* 45 661 64
? 217
* 559 620 7
+ 152 444 24
+ 407 487 17
? 270
+ 128 445 82
* 510 556 99
+ 226 285 52
* 20 549 36
? 155
+ 611 612 84
* 179 614 85
? 196
? 491
+ 26 456 26
* 105 145 54
* 501 617 98
* 241 607 10
+ 290 392 46
* 395 655 27
* 170 668 64
+ 94 673 71
+ 25 541 66
? 261
? 146
+ 282 453 11
* 208 340 87
? 108
? 441
* 267 590 9
* 158 513 82
* 87 405 23
* 289 546 52
? 422
* 84 548 97
? 110
* 165 387 65
* 256 595 56
+ 602 603 100
* 156 376 93
? 387
* 49 493 33
? 117
* 222 264 96
* 110 650 9
* 409 613 25
* 363 469 12
+ 12 563 44
* 163 669 90
+ 271 334 74
+ 325 381 68
* 246 547 49
* 58 250 81
? 420
+ 289 559 19
? 285
? 55
* 184 453 42
+ 322 432 14
+ 532 636 11
+ 288 666 88
* 143 537 97
* 436 498 30
? 287
* 291 470 29
* 269 372 32
? 462
* 108 206 50
* 193 457 24
* 53 546 70
+ 50 576 26
+ 199 236 42
? 595
* 71 543 87
+ 28 301 61
* 8 176 3
* 143 591 85
? 173
* 339 534 21
* 53 108 45
+ 128 229 8
? 529
* 49 143 49
+ 286 318 3
* 87 201 91
* 9 344 38
* 240 650 75
* 84 580 84
+ 32 329 100
+ 43 412 13
+ 25 235 7
* 37 662 23
* 64 489 78
* 219 321 75
? 210
* 46 370 100
? 585
+ 409 543 76
* 299 367 56
+ 405 414 83
* 164 234 97
? 63
+ 411 580 90
+ 47 624 38
* 360 485 58
? 178
+ 36 430 51
* 89 433 76
* 570 618 95
* 14 76 34
+ 408 425 41
+ 69 547 70
* 85 214 99
+ 171 457 95
? 550
* 72 447 86
* 156 555 96
? 434
+ 214 673 100
* 102 392 66
* 327 432 73
* 230 502 63
+ 101 183 90
? 385
* 245 252 36
+ 89 185 39
+ 164 301 26
+ 391 472 23
* 264 535 69
+ 73 533 64
+ 274 616 79
* 104 556 8
? 356
* 472 656 52
? 189
+ 468 597 43
+ 216 224 1
+ 315 584 95
* 89 482 33
* 147 175 21
* 50 155 49
+ 31 417 39
+ 341 486 1
? 92
* 350 534 74
+ 4 298 73
* 122 407 51
+ 79 496 51
* 407 548 83
* 150 195 35
+ 30 229 72
* 77 523 59
* 580 617 55
+ 198 366 80
+ 90 660 78
+ 302 618 57
? 313
+ 201 669 20
+ 158 514 68
? 549
* 4 123 27
* 261 476 89
+ 29 337 11
* 48 226 65
? 171
+ 28 549 85
+ 32 393 48
+ 333 451 12
? 382
+ 79 401 37
* 244 283 16
+ 496 629 100
* 26 610 38
? 641
* 165 426 9
+ 40 225 100
* 249 310 55
+ 2 23 48
+ 42 589 76
* 154 479 94
* 1 314 59
* 330 549 74
+ 522 620 81
+ 122 450 18
* 313 669 99
+ 185 555 39
+ 460 604 63
? 111
* 660 671 89
+ 453 500 5
* 178 499 21
+ 243 280 16
? 427
* 28 132 98
* 72 181 88
+ 559 586 57
+ 132 673 29
+ 329 359 4
* 260 459 89
* 168 287 35
* 79 563 59
? 286
* 84 327 62
+ 582 650 48
* 363 644 7
? 77
+ 181 217 63
+ 308 620 9
* 21 255 91
* 133 484 34
* 30 307 12
? 277
* 407 467 88
? 78
+ 461 651 18
* 97 511 84
+ 52 672 52
? 52
? 480
+ 253 448 2
* 94 287 24
+ 456 644 55
* 296 493 46
* 541 637 44
* 269 483 37
* 192 305 43
* 159 540 5
* 144 476 70
+ 48 578 66
* 165 413 51
+ 145 390 67
? 562
* 81 211 54
* 354 605 45
+ 131 567 6
+ 309 607 37
? 473
* 135 489 90
* 296 560 75
* 193 406 79
+ 394 430 11
* 335 483 67
? 416
+ 258 441 41
? 520
+ 254 476 79
+ 354 379 49
* 547 633 23
? 315
* 104 549 48
? 292
* 53 187 40
? 572
+ 152 255 90
* 195 661 63
+ 196 198 13
? 510
* 68 369 84
+ 504 627 34
? 515
+ 294 357 82
+ 344 383 96
* 169 614 24
+ 329 570 55
* 216 554 62
+ 235 423 18
+ 94 625 59
? 627
* 353 465 21
* 268 479 64
* 124 357 19
+ 256 430 25
+ 238 242 43
+ 99 115 14
? 621
* 16 428 42
+ 198 233 83
* 65 605 51
+ 111 133 87
* 248 352 32
? 450
? 236
+ 183 387 42
* 340 351 63
? 598
* 294 529 32
+ 451 519 98
? 321
+ 57 114 75
+ 218 451 20
+ 47 108 13
+ 450 486 94
* 571 593 48
* 558 665 71
+ 375 390 20
* 403 518 80
? 606
* 168 454 26
+ 395 408 27
? 456
? 322
? 475
+ 388 538 66
+ 285 312 70
+ 217 485 14
? 311
+ 257 593 73
? 456
* 366 591 92
* 82 113 88
* 324 359 23
* 147 193 14
+ 129 203 78
* 240 247 100
+ 77 515 36
+ 225 475 100
+ 25 488 72
+ 90 405 25
+ 306 579 58
* 191 594 98
+ 85 472 5
* 317 484 59
* 283 334 65
? 413
? 21
* 367 668 56
? 173
* 43 364 15
* 38 47 87
+ 468 539 68
* 208 571 47
+ 522 640 39
* 41 273 84
+ 31 213 15
+ 261 508 69
+ 256 334 6
+ 267 518 88
+ 123 534 7
* 292 638 9
* 358 614 85
+ 349 448 52
? 215
+ 425 548 27
+ 98 309 55
* 219 574 39
? 511
+ 79 655 79
+ 511 612 20
+ 400 496 55
+ 255 468 57
* 427 654 93
+ 51 668 69
+ 83 671 95
* 471 645 89
* 32 493 75
+ 368 670 24
? 66
+ 46 514 70
? 20
* 35 441 100
+ 371 624 65
* 407 640 97
* 169 535 76
* 135 358 36
* 169 250 38
* 113 351 30
+ 142 476 76
+ 204 523 1
+ 112 460 53
* 171 244 53
+ 122 492 58
? 438
* 243 424 95
* 122 296 26
? 644
* 161 588 42
+ 503 558 9
+ 271 390 29
+ 452 532 1
? 101
+ 95 307 50
+ 514 527 65
* 169 554 1
+ 39 62 56
* 51 210 35
+ 509 550 3
* 370 654 2
? 253
+ 106 501 43
* 177 429 11
+ 22 206 28
* 193 555 62
+ 46 612 29
? 26
+ 127 657 10
* 199 253 56
? 82
? 71
+ 220 295 52
+ 133 517 99
+ 7 325 44
? 479
+ 528 605 63
? 199
* 273 672 72
+ 368 444 8
+ 122 140 92
+ 217 504 6
+ 475 603 52
+ 333 368 21
+ 19 54 23
* 282 588 73
+ 114 199 5
+ 164 524 23
* 527 544 86
+ 53 189 87
* 92 159 35
+ 318 604 77
* 64 140 89
? 371
* 221 640 87
? 493
* 186 197 84
+ 38 607 69
* 159 271 47
? 28
* 47 295 81
? 417
+ 92 499 72
+ 2 283 7
* 316 461 81
+ 238 473 34
? 378
* 361 626 16
+ 36 278 91
+ 86 369 85
? 651
+ 264 584 28
* 358 665 34
* 117 148 79
+ 58 455 28
+ 72 174 34
+ 134 614 11
+ 191 630 22
+ 280 569 7
? 19
? 340
+ 67 494 85
+ 219 532 95
? 464
+ 216 405 78
* 534 565 93
+ 31 221 87
+ 17 256 86
+ 218 440 58
* 329 487 15
* 107 493 90
? 11
* 290 673 18
* 118 225 77
? 609
* 208 523 57
* 84 505 35
* 247 341 54
+ 44 491 77
+ 154 349 37
+ 247 339 80
* 521 609 2
* 452 557 5
* 24 602 28
? 504
+ 322 634 24
* 358 380 55
+ 389 421 51
? 268
+ 192 454 45
? 352
+ 303 409 17
* 264 298 16
* 175 278 7
* 54 364 22
* 238 378 21
* 374 404 47
? 10
? 43
* 357 572 63
* 73 415 7
+ 224 535 21
+ 78 127 40
+ 209 606 32
+ 76 182 78
+ 46 581 68
* 221 477 54
? 281
+ 504 513 60
+ 360 494 28
? 29
* 43 224 53
+ 141 269 71
? 554
+ 101 535 79
? 142
* 101 649 89
* 365 668 8
+ 391 403 86
+ 53 498 66
? 507
+ 74 565 32
+ 150 630 100
? 250
* 121 598 25
+ 445 462 7
* 180 617 44
? 338
+ 254 422 64
+ 530 665 78
+ 193 384 72
* 424 577 50
? 476
* 91 221 77
* 14 193 69
+ 75 356 55
+ 347 595 83
+ 94 576 75
* 260 305 100
* 112 411 73
+ 112 143 13
+ 273 358 37
* 257 375 19
* 323 597 95
* 265 589 88
+ 79 319 97
* 271 457 68
? 316
+ 474 588 86
+ 284 348 46
+ 270 375 36
* 204 374 20
? 452
* 66 67 100
? 656
+ 141 379 2
* 351 371 3
* 22 341 90
+ 135 505 94
+ 276 414 19
+ 292 537 45
+ 414 502 19
? 482
? 455
+ 455 543 33
* 237 525 44
+ 529 546 47
? 98
+ 186 389 4
? 503
+ 525 660 65
* 46 101 3
+ 330 442 27
+ 451 649 65
+ 298 618 58
* 10 285 93
* 93 435 33
+ 200 575 30
? 338
* 106 606 53
* 465 596 59
* 213 501 78
* 193 313 67
? 82
+ 174 181 77
? 108
* 131 542 94
* 556 644 62
+ 153 589 83
* 208 225 26
* 555 626 96
? 134
* 97 131 30
+ 257 455 4
+ 139 422 82
? 183
* 262 439 25
* 84 308 39
* 295 521 13
* 505 634 55
? 414
? 128
* 5 344 87
+ 322 618 21
* 522 647 34
+ 402 665 61
? 494
* 582 642 42
? 382
+ 41 450 26
? 420
* 68 196 11
+ 339 627 40
+ 29 515 39
+ 182 651 55
* 84 455 66
* 441 461 79
+ 281 402 54
+ 310 628 92
? 160
+ 1 306 73
? 411
+ 332 485 63
+ 216 425 95
* 466 593 78
+ 256 411 20
? 325
* 116 208 72
+ 99 415 81
+ 215 461 99
+ 162 644 83
+ 78 578 10
* 138 205 12
? 63
+ 123 270 30
* 621 645 81
* 270 277 72
+ 219 528 2
* 31 83 29
+ 5 120 71
* 451 572 81
* 228 289 18
* 83 334 52
* 126 162 88
+ 366 551 35
* 209 467 73
* 36 327 93
* 139 532 92
? 618
+ 27 257 91
+ 112 407 43
* 70 91 84
+ 72 174 32
* 53 450 57
* 170 489 14
+ 587 613 48
* 280 627 82
? 176
+ 373 585 44
* 261 648 63
? 552
* 74 376 20
+ 394 395 61
? 255
+ 535 567 47
* 544 648 60
+ 130 566 17
* 537 655 53
+ 390 471 96
+ 146 389 96
? 329
+ 222 520 7
+ 314 429 90
+ 139 320 66
? 2
? 591
* 401 517 39
+ 191 355 37
+ 435 631 100
+ 193 231 74
? 620
? 570
* 216 571 87
+ 171 193 9
* 71 141 88
+ 145 451 81
+ 378 426 63
* 187 645 22
* 109 618 57
? 115
+ 273 286 43
+ 361 633 51
+ 222 622 99
+ 93 229 47
* 49 99 66
+ 54 193 38
? 489
* 88 560 100
+ 223 490 87
+ 98 163 14
* 101 563 55
* 152 370 3
+ 209 618 62
* 81 239 11
+ 294 545 45
* 87 391 18
+ 117 575 14
+ 373 449 23
* 156 598 91
* 181 538 91
? 64
+ 343 485 20
+ 191 345 81
? 435
? 437
? 379
+ 112 653 32
* 99 179 91
+ 6 485 33
+ 45 625 78
* 283 315 71
? 172
+ 231 418 61
* 122 372 75
* 428 640 67
+ 286 567 37
+ 9 205 44
* 27 288 54
+ 144 562 57
* 338 524 4
+ 132 598 100
+ 107 449 82
? 145
+ 153 598 8
? 340
* 76 125 46
+ 59 660 48
? 643
+ 102 315 1
* 54 549 48
* 184 573 38
? 429
? 447
* 26 642 14
+ 381 480 19
+ 19 592 3
* 448 525 66
? 533
? 598
* 224 278 19
+ 364 469 70
+ 81 184 70
* 242 336 56
* 11 536 18
* 20 502 64
* 296 417 42
* 577 582 82
+ 321 445 34
? 335
+ 15 126 38
+ 164 307 71
+ 348 624 85
+ 133 622 14
+ 195 430 15
? 202
+ 335 543 51
* 156 203 92
* 6 672 97
+ 162 274 75
+ 147 648 80
* 185 337 11
* 110 663 7
* 306 534 18
* 139 606 40
* 178 507 48
* 37 635 80
+ 359 408 52
? 401
+ 137 390 13
+ 383 641 14
* 176 269 59
+ 220 382 99
+ 306 398 49
? 211
* 206 249 74
+ 598 631 72
+ 301 403 2
? 579
* 111 665 57
? 336
? 492
* 323 563 89
+ 29 62 97
+ 124 623 21
* 301 426 73
+ 107 192 89
* 391 562 7
? 530
+ 307 490 54
+ 153 624 4
? 231
? 282
* 34 429 88
+ 175 377 52
* 490 507 13
+ 13 526 71
+ 235 508 65
+ 137 617 91
? 72
+ 501 627 88
? 330
? 161
* 203 667 15
+ 273 365 60
+ 283 472 94
? 417
? 257
+ 457 658 86
+ 372 584 72
+ 107 234 3
? 41
* 211 533 20
? 513
+ 244 666 73
* 90 443 20
* 149 267 56
? 661
* 223 330 92
+ 297 515 53
* 20 536 57
? 140
+ 421 556 35
? 294
+ 382 570 99
+ 199 468 93
+ 32 352 29
+ 212 521 52
+ 134 606 69
* 216 380 94
? 331
* 167 324 34
+ 30 165 94
* 184 196 43
+ 243 319 30
* 167 298 28
* 147 631 71
+ 99 153 45
* 607 673 84
* 77 161 76
+ 220 586 13
+ 8 423 40
? 441
* 4 398 85
* 113 116 84
* 254 294 69
+ 158 274 69
* 88 270 24
+ 223 473 25
* 455 516 13
+ 37 218 13
+ 52 421 82
+ 22 347 15
* 276 284 18
* 40 239 66
+ 103 483 82
* 130 634 77
* 249 557 48
? 322
? 275
+ 600 620 19
? 168
? 546
+ 7 54 99
* 232 668 77
* 80 246 59
* 273 511 28
? 240
+ 166 175 26
? 342
* 202 523 16
+ 454 540 56
* 347 460 60
+ 7 337 16
+ 83 345 70
* 344 554 100
* 37 552 9
+ 434 454 63
? 594
+ 53 380 66
+ 349 547 87
* 149 241 20
? 30
+ 175 379 93
? 220
* 108 223 50
? 271
? 292
+ 61 502 17
* 255 528 30
? 3
? 566
+ 170 667 21
+ 508 533 51
* 58 417 28
* 25 559 66
+ 355 390 94
+ 37 247 8
+ 151 227 33
* 488 579 38
? 1
* 58 219 71
? 233
+ 134 178 12
* 352 510 34
* 71 441 47
? 53
* 595 668 79
? 595
* 105 107 39
* 66 644 14
* 547 629 24
* 254 283 6
+ 273 533 40
+ 262 287 56
+ 12 314 83
* 42 515 81
* 70 94 15
* 298 552 5
* 49 586 86
* 329 565 79
* 51 318 92
+ 404 471 74
? 609
+ 15 29 93
* 38 375 61
? 288
+ 566 579 5
? 483
+ 189 534 33
? 282
+ 102 216 39
* 179 587 57
* 20 316 60
? 307
* 191 327 70
* 184 377 78
+ 277 653 28
+ 477 514 40
+ 8 73 35
* 383 484 78
+ 214 571 95
+ 38 312 61
* 348 576 83
+ 294 398 75
* 508 524 2
? 467
? 109
* 297 353 73
* 439 513 28
+ 467 673 67
+ 202 551 93
+ 373 446 85
+ 217 372 21
* 150 288 66
+ 79 500 56
? 430
* 351 589 70
? 245
+ 181 298 52
+ 343 370 39
+ 433 560 28
? 576
+ 109 286 56
+ 17 50 55
+ 305 636 96
? 603
? 626
* 322 525 42
+ 38 122 62
* 89 158 60
? 342
? 196
* 171 418 74
+ 204 268 52
* 416 510 10
* 367 487 44
* 342 491 69
* 247 375 93
* 195 492 22
+ 170 654 66
+ 525 631 25
? 352
+ 165 174 1
? 656
+ 375 561 72
+ 322 569 78
* 200 673 19
* 560 576 94
+ 2 468 60
* 24 219 33
+ 216 502 24
+ 523 586 14
* 473 507 37
* 97 370 67
* 95 526 36
* 102 366 95
* 265 390 22
? 344
? 349
+ 517 622 40
? 38
+ 407 546 47
* 447 656 69
+ 448 543 66
? 563
* 126 502 15
* 44 172 34
+ 52 128 80
+ 620 650 18
+ 153 506 9
* 597 635 88
* 67 123 91
* 272 416 21
+ 29 250 27
+ 177 505 98
* 112 282 3
+ 32 217 71
+ 224 431 37
* 39 284 90
+ 53 591 67
+ 111 470 33
+ 250 457 83
* 577 649 5
* 264 579 55
* 135 423 21
+ 230 275 76
+ 236 623 63
+ 398 461 24
+ 410 644 17
* 191 306 42
+ 251 327 39
+ 97 599 8
+ 285 314 10
* 91 263 74
+ 332 555 55
* 616 660 20
+ 509 580 44
* 199 454 3
? 631
+ 370 491 33
* 479 542 55
* 330 462 86
* 131 410 11
* 44 497 42
+ 36 416 61
* 490 552 73
* 73 418 74
+ 336 621 66
+ 266 448 24
+ 502 572 27
* 10 119 11
+ 483 491 84
* 27 255 77
* 271 495 36
+ 400 558 64
+ 34 444 74
+ 31 637 52
* 7 466 34
* 102 229 83
? 553
+ 278 289 68
* 132 264 2
+ 13 376 64
+ 93 477 87
* 591 663 10
+ 48 344 91
+ 560 628 97
* 435 552 22
? 520
* 222 427 16
? 358
+ 249 371 52
+ 440 522 24
+ 378 415 43
* 178 553 57
* 313 575 57
? 252
+ 523 582 78
* 219 650 11
* 473 489 76
* 359 506 13
? 537
* 47 477 49
+ 367 456 20
? 305
? 21
+ 626 670 40
* 273 652 3
* 71 265 68
* 177 524 83
+ 57 379 18
+ 322 593 88
+ 146 338 27
+ 431 555 81
* 24 319 26
* 184 284 47
* 69 191 4
+ 297 387 36
+ 179 659 44
+ 8 595 88
? 169
? 8
* 421 441 54
+ 371 456 19
+ 446 580 60
* 163 429 98
* 178 651 46
* 39 195 4
* 16 69 56
+ 415 441 13
* 274 658 14
+ 72 334 23
? 485
* 574 662 59
* 51 590 12
? 606
+ 9 46 95
* 481 535 39
+ 155 253 22
+ 264 441 80
? 253
* 68 438 96
* 172 492 57
* 447 596 7
* 590 638 44
+ 585 645 85
* 212 336 40
? 162
+ 183 599 39
* 367 525 84
* 323 353 30
* 293 665 69
? 31
+ 211 568 90
+ 251 647 50
* 44 119 84
* 449 648 84
* 27 419 68
+ 172 650 89
* 30 619 96
* 399 401 8
+ 388 454 7
? 28
+ 86 130 12
* 289 540 14
? 516
+ 53 651 83
+ 501 523 63
? 466
+ 180 334 26
? 489
+ 367 618 99
+ 92 492 87
+ 53 151 71
? 502
* 424 457 82
* 163 564 29
* 83 167 69
+ 134 491 91
+ 38 138 71
+ 58 367 50
* 373 471 95
+ 363 403 72
* 424 513 80
+ 69 541 5
+ 291 654 64
+ 189 384 65
+ 124 467 48
? 305
? 632
? 66
? 243
* 73 185 51
* 112 196 11
* 140 213 58
+ 110 494 99
? 287
? 630
+ 43 80 20
+ 510 518 48
+ 329 374 95
+ 50 159 74
* 167 638 61
+ 328 464 43
+ 432 590 52
+ 327 358 66
* 15 162 82
* 156 173 55
* 382 485 16
+ 404 651 100
+ 431 553 37
* 272 580 1
* 377 406 28
* 374 579 62
* 99 128 90
* 186 558 78
* 71 75 46
+ 303 317 68
* 49 445 68
+ 154 409 39
+ 59 116 45
* 95 103 60
+ 95 147 27
+ 220 660 54
* 141 375 39
* 430 517 44
? 447
* 160 563 8
? 382
* 402 609 20
+ 120 313 65
* 32 437 37
+ 50 356 83
* 252 597 66
* 77 132 32
+ 187 656 70
* 7 263 39
* 337 394 44
+ 403 414 96
+ 268 440 91
? 358
+ 489 546 77
* 226 489 88
* 529 550 52
* 26 377 27
+ 216 296 86
* 438 516 19
+ 143 513 77
* 487 631 29
+ 282 361 96
* 66 84 29
* 517 670 3
* 588 627 23
+ 44 207 99
+ 498 651 19
+ 309 445 75
* 337 540 20
* 352 478 87
* 287 574 68
* 162 324 12
* 462 625 79
+ 496 509 38
? 151
* 17 632 46
* 34 611 27
* 282 412 92
* 216 248 33
* 78 395 87
+ 174 651 43
* 57 469 26
* 254 452 47
? 70
* 273 351 67
* 19 503 52
* 51 344 99
+ 245 609 46
* 92 555 23
+ 180 453 67
* 234 455 43
+ 101 318 100
+ 44 252 21
+ 81 611 98
* 52 470 67
+ 274 576 32
? 552
* 334 649 71
* 45 540 7
+ 46 529 17
+ 239 649 92
+ 265 648 29
* 61 366 84
* 381 401 15
+ 152 235 49
? 89
+ 262 288 73
* 185 385 36
? 577
* 102 466 44
+ 160 470 80
* 361 642 55
* 284 464 17
? 52
* 151 155 61
? 35
? 366
+ 287 663 94
? 15
* 520 549 100
? 208
? 219
+ 9 384 58
? 275
+ 281 557 95
+ 607 621 19
+ 261 333 99
* 69 556 73
+ 387 501 74
+ 163 272 36
+ 448 504 77
* 34 315 22
+ 216 476 32
? 252
+ 263 600 1
? 556
? 259
+ 421 616 72
* 86 334 17
+ 369 581 81
+ 260 468 48
+ 61 445 52
? 2
+ 502 618 22
* 155 369 26
* 101 195 97
* 66 463 48
+ 193 490 96
+ 258 331 26
? 501
* 328 457 93
? 610
+ 77 378 84
? 408
? 290
? 582
* 79 86 2
+ 303 373 45
+ 479 658 13
+ 184 219 53
+ 143 275 33
+ 290 591 40
* 40 485 58
* 6 154 44
* 424 531 14
* 19 24 99
+ 26 618 92
+ 610 671 31
* 354 537 90
? 661
+ 121 155 55
* 44 631 74
* 31 642 83
* 392 490 45
+ 25 262 35
? 561
? 588
* 301 660 52
+ 540 594 40
+ 395 600 63
+ 64 392 45
+ 555 634 51
? 385
+ 426 489 28
? 182
+ 91 575 11
+ 5 192 55
+ 620 625 25
? 38
+ 108 592 65
* 478 547 20
+ 341 540 85
+ 380 409 70
* 100 257 99
* 4 248 53
+ 331 403 32
+ 204 430 1
? 115
* 109 272 5
+ 161 337 42
* 148 547 75
+ 40 271 45
* 575 592 21
* 382 613 44
+ 60 501 13
? 253
+ 110 542 77
* 340 420 10
+ 45 322 22
* 4 253 65
? 90
* 169 626 72
* 142 481 31
* 269 553 56
+ 153 607 16
* 184 623 87
+ 205 448 71
? 540
+ 462 492 80
+ 80 317 74
* 297 615 46
+ 505 570 63
* 174 601 40
+ 453 598 40
? 656
? 410
+ 374 567 31
+ 148 378 35
? 251
* 147 599 55
* 124 669 59
? 630
? 585
* 22 125 27
* 295 491 16
* 180 662 70
? 239
+ 513 556 7
* 390 587 7
? 543
* 80 211 87
+ 503 644 68
+ 236 663 60
+ 32 45 49
* 238 367 99
* 69 389 100
+ 75 466 5
* 485 563 61
* 96 332 65
+ 450 564 24
? 119
* 540 614 81
+ 208 211 58
* 309 561 46
+ 234 335 39
* 81 449 15
+ 206 400 93
? 593
* 459 575 21
* 209 264 20
+ 425 470 33
+ 498 651 64
* 77 559 33
+ 105 178 40
* 482 581 24
+ 77 242 29
* 617 646 13
* 372 495 48
? 256
* 383 460 21
+ 111 385 39
* 19 447 96
+ 22 374 32
? 474
* 319 507 37
? 479
+ 326 611 21
+ 390 505 68
+ 1 90 18
? 543
? 113
+ 358 528 15
* 47 80 74
* 69 627 35
? 377
* 208 210 42
+ 615 641 68
+ 201 406 5
+ 128 341 92
+ 55 442 60
* 594 621 45
* 660 662 45
+ 95 545 61
* 229 469 44
? 50
* 305 609 1
+ 489 518 35
+ 301 493 44
* 245 359 34
* 182 410 80
+ 527 646 20
? 67
+ 21 130 14
* 264 343 13
+ 407 556 70
* 336 511 50
? 200
* 22 333 63
* 69 299 18
+ 625 626 14
* 503 630 86
* 320 537 5
* 279 624 21
+ 93 172 51
+ 638 668 15
+ 104 569 80
+ 268 626 38
+ 339 471 89
+ 381 450 98
+ 397 644 34
* 109 399 55
? 261
* 364 401 77
+ 357 441 17
+ 213 312 93
? 19
* 571 608 32
* 208 384 11
* 80 237 53
+ 99 528 4
+ 90 322 37
+ 215 278 70
+ 203 321 90
* 281 572 70
* 103 403 43
+ 26 332 100
* 154 234 84
? 392
* 55 61 56
* 258 567 63
? 593
* 87 116 20
? 550
* 62 208 27
+ 72 553 73
+ 329 615 59
+ 69 509 8
* 138 552 96
* 376 667 99
+ 587 612 11
? 313
* 192 458 13
+ 377 574 44
* 143 487 73
* 128 319 68
? 21
+ 56 401 94
+ 210 233 61
? 401
+ 446 668 90
+ 49 647 65
+ 393 644 77
+ 227 438 92
* 110 635 5
+ 270 592 28
* 331 571 18
+ 112 283 20
+ 294 644 4
+ 73 499 40
+ 238 639 38
* 306 424 4
* 34 96 69
+ 75 626 29
? 276
? 396
? 228
+ 181 442 35
? 167
+ 130 526 88
* 328 596 69
+ 179 427 67
? 379
* 109 192 65
+ 65 352 51
+ 415 511 38
* 192 278 38
+ 216 286 76
? 464
* 172 456 44
? 19
+ 151 434 84
? 487
* 210 325 56
* 214 425 7
* 44 312 95
* 64 185 7
* 114 438 60
* 80 529 42
* 345 456 71
+ 69 355 35
? 242
* 285 469 25
* 381 527 66
? 145
* 452 579 24
? 94
+ 4 632 53
* 142 417 89
+ 492 594 25
+ 497 644 9
+ 3 623 44
+ 246 456 22
+ 376 471 94
* 45 224 34
+ 259 504 71
? 348
* 300 552 97
+ 636 666 42
+ 110 654 14
* 85 622 64
* 218 433 8
* 245 586 17
* 15 249 42
+ 97 420 15
+ 408 598 58
* 220 234 46
* 223 495 46
+ 346 580 72
* 324 419 50
* 30 124 17
+ 51 573 40
+ 1 549 7
+ 274 585 23
* 74 467 63
* 21 634 84
* 103 475 25
* 288 503 76
* 112 587 48
+ 14 106 62
? 666
+ 301 587 65
* 149 228 83
? 330
* 23 567 21
* 318 510 16
+ 591 667 14
* 92 371 66
* 31 533 8
? 8
* 528 599 97
* 425 565 8
* 110 350 28
+ 138 187 10
* 348 421 43
+ 471 595 85
+ 589 660 27
+ 192 270 59
* 373 509 24
+ 376 602 67
* 552 580 88
+ 181 287 70
+ 25 479 99
* 408 588 68
+ 211 400 73
+ 186 262 52
? 217
+ 178 251 10
+ 109 672 64
+ 44 238 48
? 451
* 477 534 83
? 571
* 287 525 13
* 293 597 19
+ 42 482 56
+ 85 133 66
* 55 81 95
* 102 280 3
+ 62 591 13
* 335 489 83
+ 197 323 9
+ 278 388 66
+ 174 370 46
+ 110 326 82
* 68 385 66
? 123
? 431
+ 19 475 78
+ 575 602 84
* 307 453 53
* 347 363 15
+ 163 228 26
+ 253 656 6
? 37
+ 45 511 31
+ 285 508 52
+ 124 327 94
* 238 495 1
* 506 515 18
* 474 495 79
? 72
? 624
? 180
+ 155 464 67
? 569
+ 239 460 60
* 140 489 32
* 307 541 9
? 235
+ 306 441 27
* 322 617 94
* 122 338 21
? 36
? 316
+ 130 455 14
+ 87 325 51
+ 240 250 67
+ 81 324 10
+ 299 555 48
* 38 328 34
* 502 553 60
+ 135 514 9
+ 107 248 76
+ 76 544 44
? 47
? 370
* 104 244 75
* 87 570 10
+ 17 602 88
? 150
* 257 374 39
+ 184 213 58
+ 496 536 71
+ 1 60 73
* 15 110 86
? 126
+ 322 532 66
+ 69 526 51
* 63 253 96
* 409 456 4
* 502 577 55
+ 156 659 40
+ 225 363 31
+ 7 367 41
* 428 429 66
+ 44 127 94
+ 121 270 3
+ 224 238 64
* 251 374 2
* 7 483 23
+ 597 611 62
+ 389 670 66
* 221 516 42
* 245 598 83
* 346 640 36
? 149
+ 631 641 37
* 483 503 57
+ 13 525 23
? 495
* 516 573 88
* 217 346 17
? 183
* 238 404 89
? 296
* 2 125 7
+ 131 382 48
* 61 180 99
+ 15 136 16
* 247 667 20
* 53 281 24
* 79 600 98
+ 255 284 40
* 514 543 87
* 55 518 2
+ 234 488 74
* 63 432 61
? 538
* 364 592 50
+ 5 587 94
* 367 375 45
? 339
? 612
+ 103 300 84
+ 372 510 91
? 364
+ 165 282 69
+ 446 467 75
* 444 474 61
* 198 288 48
* 407 627 34
+ 194 596 75
+ 433 568 94
+ 16 524 69
? 92
+ 324 663 84
+ 514 623 4
* 107 166 32
* 226 508 44
* 243 464 28
? 221
* 169 569 93
+ 272 461 72
* 317 324 11
* 101 532 25
? 494
* 16 450 92
+ 161 367 78
* 297 306 27
* 13 435 38
* 427 668 67
+ 593 661 20
* 376 386 10
* 444 479 31
+ 472 614 92
+ 396 600 75
? 397
* 183 391 40
+ 201 291 97
* 246 492 37
? 144
+ 324 464 99
+ 175 650 12
+ 135 422 1
+ 65 327 35
* 498 596 20
? 542
* 475 522 7
? 301
? 302
+ 124 604 16
? 498
* 175 509 29
+ 433 518 89
* 330 617 74
? 296
+ 455 505 64
+ 72 395 31
* 225 275 31
+ 20 282 64
+ 110 459 79
+ 210 442 50
? 7
? 465
* 552 671 88
+ 117 504 60
+ 343 546 27
* 83 323 14
* 49 397 67
* 245 496 85
+ 42 69 27
+ 128 336 53
* 102 618 78
+ 299 420 22
* 207 391 96
+ 296 318 40
* 22 578 26
+ 11 548 22
* 94 117 45
+ 212 253 93
+ 334 616 83
+ 60 632 4
? 340
* 244 637 39
+ 179 387 15
* 496 643 66
+ 78 525 61
* 118 259 91
+ 30 443 34
? 17
* 108 184 68
+ 222 599 10
? 23
+ 262 574 49
+ 254 647 75
? 193
* 43 635 80
+ 263 314 41
+ 367 650 46
+ 187 315 2
+ 16 373 56
* 29 580 36
+ 192 310 42
* 403 465 19
* 242 646 27
* 317 537 83
* 255 377 44
? 127
* 86 161 63
* 421 552 26
* 220 320 46
* 533 611 65
? 254
+ 136 669 51
+ 397 644 77
+ 142 144 10
? 562
* 207 528 24
+ 445 614 46
+ 260 588 43
+ 490 574 72
* 36 466 31
+ 598 645 73
+ 485 597 1
? 353
+ 116 125 48
? 31
+ 359 517 57
+ 10 131 60
+ 182 473 38
* 41 178 51
+ 445 511 62
? 569
? 647
+ 623 641 99
* 277 662 74
+ 46 400 71
+ 324 563 67
+ 150 238 52
? 554
* 185 244 16
+ 305 377 6
* 8 97 80
* 457 536 57
* 67 294 74
* 134 429 95
? 404
+ 147 647 57
+ 43 555 52
? 50
+ 591 616 6
? 347
* 95 384 38
+ 11 588 7
? 446
? 395
+ 185 573 23
+ 56 154 74
* 577 663 42
* 170 598 100
? 308
+ 318 381 12
? 153
+ 26 196 46
+ 19 421 8
+ 246 586 55
? 226
+ 367 395 53
* 173 206 93
+ 161 666 44
+ 29 175 97
* 651 670 54
+ 178 583 84
+ 124 125 80
* 258 301 68
+ 194 224 26
? 382
+ 44 538 89
* 374 467 89
? 552
? 115
* 239 533 47
* 37 228 86
+ 77 376 52
+ 283 504 84
* 42 219 67
+ 88 598 59
+ 45 569 90
* 159 327 30
? 82
* 158 579 80
* 328 520 66
? 65
+ 112 662 13
+ 369 448 75
* 146 421 42
? 658
+ 254 625 83
+ 22 509 80
? 559
? 3
* 114 582 84
+ 101 256 11
* 327 638 87
* 448 614 72
+ 16 306 28
+ 115 340 77
* 359 490 31
* 8 481 46
* 436 662 80
+ 281 377 75
* 525 605 9
? 386
+ 181 587 17
+ 329 479 52
+ 162 483 10
* 298 320 88
? 55
+ 362 483 5
+ 255 640 3
+ 54 335 86
* 6 194 18
* 55 347 44
* 62 181 35
+ 217 599 74
+ 61 122 87
+ 65 383 87
+ 398 522 53
+ 425 604 91
* 3 229 64
* 302 603 16
* 196 320 13
* 15 404 42
+ 111 238 73
? 496
+ 182 555 32
* 269 582 99
+ 234 500 51
* 356 374 6
* 23 100 26
* 92 603 71
+ 80 307 83
+ 341 441 88
* 293 584 50
* 290 426 63
* 346 519 75
+ 268 498 68
* 598 602 88
* 616 627 53
+ 201 540 58
+ 80 227 45
+ 212 577 87
+ 94 580 5
* 163 361 90
? 2
? 13
+ 501 642 82
+ 572 635 60
* 117 568 30
+ 433 655 8
* 312 592 76
* 128 485 17
+ 464 466 20
* 33 159 71
* 42 253 97
+ 221 309 1
+ 48 371 19
? 498
? 530
+ 162 354 25
? 199
* 271 485 56
+ 423 653 51
* 117 173 71
+ 186 333 7
+ 15 362 63
+ 379 560 12
? 125
* 523 538 53
? 517
* 285 380 40
+ 301 448 57
? 448
+ 518 591 91
+ 276 324 9
* 405 511 66
* 346 349 44
? 630
+ 485 515 29
? 167
+ 451 565 91
+ 369 437 22
* 595 626 47
? 348
+ 151 360 65
? 444
+ 189 256 83
? 483
* 261 571 94
+ 263 447 14
+ 331 502 38
* 31 668 58
* 23 288 62
+ 66 324 21
+ 263 584 52
* 42 196 29
* 420 552 83
+ 395 470 69
+ 27 128 35
+ 182 614 80
* 40 246 65
? 646
+ 168 364 54
+ 434 490 4
+ 606 673 1
+ 430 497 51
? 67
* 195 270 31
? 59
+ 120 531 86
+ 179 184 52
+ 253 338 17
* 75 635 3
* 25 48 40
* 271 429 2
+ 498 576 79
* 47 92 41
+ 60 588 72
* 18 490 42
* 152 204 43
+ 59 275 21
+ 391 403 42
+ 385 624 71
+ 63 573 28
+ 219 385 55
+ 28 580 17
* 131 237 21
+ 74 260 4
? 106
* 56 662 27
+ 432 528 37
+ 301 597 90
+ 302 667 96
* 226 532 57
* 432 507 83
+ 47 586 10
* 396 400 83
? 565
? 29
+ 403 654 19
? 277
+ 135 520 84
+ 162 212 89
+ 199 314 50
+ 32 394 40
* 588 655 28
? 512
+ 500 671 82
? 89
? 446
+ 6 607 76
+ 190 284 47
* 36 531 42
+ 99 411 16
+ 241 630 49
* 232 673 78
? 466
+ 471 474 90
+ 434 564 45
+ 57 309 39
+ 269 372 51
* 395 561 48
+ 494 549 12
* 21 212 47
+ 59 102 35
* 114 230 74
+ 552 610 57
+ 272 604 25
* 13 117 87
+ 245 430 9
? 543
? 387
+ 15 55 26
+ 150 566 95
+ 237 265 66
* 363 653 80
* 81 661 80
* 230 362 98
* 139 218 14
* 155 441 10
+ 427 619 69
? 290
* 107 217 71
* 39 502 64
? 318
* 404 521 1
+ 237 426 81
+ 114 515 44
+ 12 130 54
? 246
* 55 672 36
* 273 432 77
* 48 178 6
* 3 54 11
+ 361 389 59
+ 138 558 7
* 204 256 42
+ 114 624 9
+ 57 611 99
* 225 498 62
? 384
* 227 388 76
? 272
* 529 626 68
? 123
+ 236 382 18
+ 189 443 63
? 628
* 277 576 69
+ 281 387 91
* 386 485 25
* 14 208 22
+ 498 635 42
+ 173 272 34
+ 256 586 18
? 256
? 503
* 82 308 62
+ 204 645 1
? 353
* 443 576 94
* 403 661 92
+ 339 578 91
+ 199 629 19
+ 99 210 40
* 243 510 91
* 87 389 28
+ 378 647 14
* 126 655 9
* 107 303 12
* 546 597 5
? 404
+ 3 646 18
? 391
? 515
+ 198 488 36
* 161 441 32
* 123 456 28
* 124 570 51
* 175 596 49
* 19 568 6
* 303 347 81
+ 152 401 30
* 223 536 38
+ 187 573 97
+ 26 585 49
* 398 444 51
* 15 626 54
+ 143 615 70
+ 33 474 12
? 536
+ 49 437 21
? 462
+ 342 456 57
+ 372 544 16
* 488 509 60
? 445
* 583 606 58
* 175 541 69
* 480 528 8
* 56 346 93
+ 211 306 37
+ 210 324 4
* 42 499 84
* 138 242 47
? 204
? 124
+ 192 381 100
* 129 656 64
* 312 368 90
+ 297 523 94
* 436 457 39
* 77 231 76
? 544
+ 314 380 13
* 221 554 27
? 193
+ 283 413 72
* 219 579 55
+ 130 446 48
+ 196 359 70
? 65
+ 42 358 49
+ 296 370 64
+ 64 306 94
* 272 633 21
* 61 427 41
* 389 444 58
* 77 431 77
+ 74 534 59
* 58 589 86
+ 150 153 8
+ 493 560 86
* 114 367 58
+ 296 311 34
+ 29 605 55
+ 68 261 67
+ 41 113 35
+ 565 593 34
+ 352 663 32
* 597 667 53
+ 138 404 6
? 286
+ 254 353 76
+ 303 648 39
+ 247 514 99
? 599
+ 211 386 58
+ 140 595 25
* 112 610 73
* 75 340 9
* 210 272 65
+ 10 135 13
+ 273 592 88
+ 496 636 20
* 301 317 68
* 182 224 36
+ 118 163 21
+ 62 185 18
* 147 637 77
* 421 514 81
+ 148 269 86
* 178 654 54
* 56 216 99
* 652 662 40
? 217
* 363 529 13
* 411 514 100
+ 317 605 75
* 144 333 41
* 374 437 12
? 543
+ 558 620 84
* 94 208 5
* 125 245 33
* 96 413 44
? 240
+ 305 535 38
? 658
+ 64 454 12
+ 40 611 2
* 321 439 19
* 74 248 38
+ 38 447 89
* 149 488 33
+ 201 380 4
? 172
+ 212 449 98
+ 204 555 49
* 305 581 22
+ 112 543 28
+ 347 468 98
+ 487 615 34
* 325 658 50
+ 356 657 61
* 102 647 97
+ 220 624 82
+ 65 452 55
+ 373 462 51
+ 574 599 86
* 1 454 70
+ 42 317 44
* 409 510 57
+ 13 309 10
+ 35 141 46
? 82
? 642
+ 439 534 61
+ 470 542 8
* 171 429 48
+ 168 219 17
+ 129 611 32
+ 415 596 7
* 458 664 70
* 461 606 84
+ 76 616 78
+ 203 407 50
? 638
+ 93 363 63
+ 263 601 29
+ 340 344 23
* 216 403 89
+ 420 660 15
* 362 400 16
* 39 645 61
+ 213 556 28
+ 113 210 31
+ 180 209 87
+ 249 367 51
+ 223 426 61
? 41
* 79 196 11
? 206
+ 102 611 3
* 256 447 24
+ 335 555 83
+ 98 196 99
+ 361 655 22
? 567
* 211 634 48
+ 293 614 87
+ 570 659 1
? 359
? 541
* 165 638 52
* 58 227 17
* 346 494 24
? 349
? 644
? 562
* 211 487 76
? 625
? 350
* 445 584 24
? 323
+ 358 549 40
+ 517 583 94
+ 185 192 48
* 371 405 4
+ 148 493 58
? 592
? 351
* 514 600 74
+ 211 504 81
? 45
+ 35 229 73
+ 66 480 18
+ 411 425 11
+ 619 673 64
* 291 298 71
* 39 615 11
+ 92 342 86
+ 84 646 73
+ 540 617 44
* 180 473 90
+ 454 540 4
* 48 106 30
+ 408 472 66
* 53 540 7
+ 507 584 3
* 56 564 29
+ 3 372 42
* 258 620 15
+ 445 519 38
* 269 281 36
* 50 371 92
? 462
* 352 603 18
+ 495 546 92
+ 89 265 9
* 59 100 63
? 340
? 583
? 653
+ 184 382 72
* 169 387 78
+ 207 651 21
* 502 580 82
? 70
+ 579 636 75
* 358 619 42
+ 465 469 63
* 49 493 27
+ 93 375 7
+ 41 604 51
* 41 91 41
* 135 530 43
* 88 347 54
? 475
* 523 626 47
? 174
* 392 578 32
* 232 443 53
* 436 457 83
* 123 177 81
* 193 446 42
+ 591 661 18
* 112 123 33
? 195
* 426 486 58
* 60 223 66
* 117 280 95
* 402 626 3
? 543
? 555
* 121 210 37
* 244 326 87
? 637
* 101 314 41
* 334 542 91
+ 65 403 68
+ 309 531 92
+ 110 614 26
+ 83 338 56
? 379
? 615
? 177
? 526
? 330
* 298 384 54
? 266
* 141 575 42
* 344 413 2
+ 341 344 69
+ 125 239 80
+ 440 577 32
? 202
* 146 304 83
* 251 277 64
+ 461 492 15
+ 133 525 71
* 73 160 93
* 255 578 83
+ 56 160 51
* 155 577 7
? 639
+ 291 585 56
+ 251 385 52
+ 166 300 11
? 420
+ 88 330 41
* 64 644 19
? 352
* 177 448 59
? 309
* 20 257 73
* 128 198 7
+ 490 508 11
+ 170 510 37
* 492 539 71
? 124
? 528
* 261 534 45
+ 366 486 43
+ 18 69 7
+ 67 92 3
* 102 164 95
? 268
* 20 336 66
? 553
+ 125 568 64
+ 442 673 85
* 357 364 79
? 387
+ 5 344 51
+ 341 475 52
+ 439 495 65
* 156 510 32
* 19 65 71
* 375 381 2
* 221 227 41
* 319 351 30
* 349 644 1
? 426
? 256
* 216 598 74
* 229 538 56
* 291 546 12
+ 387 441 6
+ 169 293 49
+ 148 260 88
? 311
? 23
+ 86 140 31
+ 256 319 65
* 414 544 65
* 54 604 77
? 572
+ 159 670 50
* 353 407 11
+ 103 502 22
+ 137 322 11
+ 482 652 25
* 503 569 16
+ 15 134 60
+ 305 645 87
+ 5 549 40
+ 209 458 45
+ 86 385 77
+ 136 370 69
+ 166 485 80
* 595 638 43
+ 357 497 44
* 11 631 77
? 288
? 176
? 121
? 226
* 61 647 57
* 204 558 99
? 480
* 2 448 49
? 476
? 378
+ 40 228 85
? 601
* 111 153 85
* 505 522 65
+ 459 530 77
+ 115 164 53
* 238 242 75
? 406
+ 75 190 6
+ 327 529 52
+ 27 582 68
+ 227 234 46
* 86 91 80
+ 92 567 92
+ 502 593 5
* 211 322 13
* 98 416 30
+ 233 277 55
? 227
+ 312 526 22
* 540 570 74
? 459
* 252 416 98
* 45 631 70
+ 90 581 70
+ 366 404 52
* 379 630 89
+ 9 218 91
* 348 383 50
+ 48 491 16
* 291 306 67
? 573
? 349
* 501 525 3
* 65 566 3
+ 7 338 60
* 381 601 64
+ 66 143 35
+ 311 476 17
* 478 614 75
+ 378 482 100
+ 122 388 40
* 402 646 53
* 161 269 7
? 63
+ 211 666 21
+ 235 581 63
+ 369 433 2
? 554
+ 522 600 76
* 180 647 27
+ 400 659 46
? 651
+ 166 435 62
+ 13 594 85
* 105 454 83
* 28 379 57
? 207
* 130 621 2
? 30
* 256 322 70
* 367 660 39
+ 549 656 29
* 163 228 51
* 590 638 76
+ 225 350 44
+ 155 507 23
+ 40 608 87
+ 588 611 91
+ 276 656 87
* 557 586 19
* 454 635 28
* 549 575 17
* 443 583 68
? 493
? 315
* 69 361 26
* 55 544 62
+ 30 517 17
+ 255 529 39
+ 168 531 49
* 24 80 74
+ 300 463 11
* 45 49 39
+ 251 373 49
+ 141 614 28
* 100 428 33
* 9 266 75
? 659
* 497 576 66
* 92 393 70
* 283 657 28
+ 460 491 17
+ 238 523 21
* 337 434 38
* 277 481 7
+ 345 507 50
+ 223 489 5
* 110 162 19
+ 317 465 41
+ 307 443 6
+ 92 432 5
* 100 496 77
* 46 336 87
* 275 405 16
+ 543 607 68
? 449
+ 82 154 34
* 1 182 95
* 406 431 59
* 89 442 52
? 621
* 18 110 56
? 182
+ 461 588 64
? 370
* 211 498 83
+ 403 427 21
? 357
+ 272 613 57
* 203 606 61
+ 390 447 52
* 130 353 91
+ 295 586 61
+ 412 504 3
* 261 587 48
+ 5 556 87
+ 259 545 91
* 340 350 12
* 174 515 100
* 294 620 9
* 579 630 54
+ 478 657 22
+ 81 523 44
+ 315 473 60
? 351
* 324 652 28
+ 128 501 58
? 586
+ 77 564 41
* 13 466 60
? 23
? 79
+ 506 539 86
+ 39 430 74
+ 365 544 12
* 14 228 45
? 327
+ 247 309 92
+ 454 667 92
+ 243 436 66
+ 149 567 63
? 565
* 15 80 75
? 310
* 329 606 26
* 37 154 56
+ 358 493 16
* 250 439 3
+ 34 237 60
+ 409 656 69
? 175
? 352
? 8
+ 172 200 58
? 57
* 156 527 67
* 3 66 24
* 72 73 31
? 609
? 603
* 196 409 68
* 110 387 94
+ 12 202 48
+ 310 475 20
+ 348 605 21
* 417 482 59
+ 81 536 61
? 664
* 31 101 5
* 144 171 7
* 332 345 59
? 134
* 7 98 2
* 155 663 36
+ 75 354 10
+ 73 125 15
* 302 601 95
? 101
+ 183 607 13
+ 96 354 16
* 250 644 61
* 5 106 95
+ 343 419 93
+ 405 495 58
+ 499 528 18
? 527
* 207 541 71
? 245
+ 165 563 2
? 330
* 203 464 4
* 203 442 80
+ 275 346 33
* 17 610 64
+ 158 304 18
+ 58 322 93
? 179
* 98 147 11
+ 62 565 56
* 332 335 26
* 33 522 67
+ 86 484 97
* 178 297 11
* 27 128 57
* 148 381 61
? 511
+ 169 309 12
* 474 563 7
* 262 477 83
+ 428 598 4
+ 514 533 79
+ 109 207 89
? 529
* 292 653 10
+ 81 287 50
* 49 280 33
* 106 630 42
+ 389 466 3
? 672
* 171 446 73
* 294 451 59
* 308 360 90
* 446 541 16
+ 311 625 95
* 289 609 2
+ 40 437 2
? 5
+ 455 640 7
? 454
? 339
* 52 206 75
+ 254 308 39
? 48
+ 18 365 38
* 462 487 4
* 99 396 70
* 407 410 1
? 71
? 451
+ 213 625 34
* 422 439 51
* 75 624 55
+ 70 407 25
+ 96 437 40
? 550
+ 383 483 59
+ 149 399 23
+ 145 640 22
? 169
* 160 257 63
+ 273 412 98
* 140 372 48
+ 35 506 81
+ 59 233 71
+ 245 425 44
+ 87 336 79
* 295 568 75
* 340 546 47
? 511
+ 357 673 52
+ 96 537 59
* 172 575 21
+ 211 485 89
* 517 574 3
? 184
* 1 477 53
* 468 498 37
* 336 667 32
? 24
* 68 416 42
+ 21 313 77
+ 176 520 37
* 174 590 44
* 345 578 84
* 297 577 76
+ 190 487 75
+ 255 361 53
* 60 314 35
+ 286 313 60
* 143 420 76
* 351 474 45
* 280 320 83
* 161 443 93
+ 155 510 95
* 423 579 63
* 30 362 78
+ 179 248 61
* 421 586 73
* 318 637 60
* 359 403 21
* 304 643 77
? 246
+ 62 244 37
+ 393 421 47
* 507 635 30
* 273 327 47
+ 64 512 66
* 115 378 98
* 4 414 96
+ 402 425 50
* 337 344 77
* 481 657 54
* 597 605 42
+ 99 649 78
+ 384 505 83
* 191 651 51
* 218 254 88
* 611 615 20
+ 500 599 41
* 91 531 76
* 382 632 88
* 391 408 71
+ 70 320 81
+ 462 506 53
? 409
* 363 474 69
* 102 642 92
? 351
* 108 396 22
* 100 387 69
* 152 529 60
+ 224 359 23
+ 261 391 81
* 59 88 91
+ 99 424 86
? 69
* 333 583 85
* 233 582 84
? 592
* 396 425 44
+ 628 634 74
* 127 536 56
* 158 532 54
? 195
? 428
+ 396 464 67
+ 224 644 32
+ 335 560 63
+ 1 74 59
* 318 638 48
+ 4 317 13
? 480
* 202 578 24
? 256
* 230 329 34
+ 356 504 78
* 52 573 54
+ 423 446 5
+ 330 568 90
* 387 663 57
+ 28 613 6
? 371
* 53 129 96
? 29
+ 373 375 50
? 147
* 476 618 57
* 374 450 23
* 228 557 80
* 555 622 99
* 100 233 3
+ 327 669 52
+ 276 610 30
+ 149 414 31
* 369 630 68
* 42 84 20
+ 173 544 36
* 411 452 64
+ 202 657 51
* 59 191 1
? 544
? 390
+ 95 484 55
* 98 396 67
* 256 426 71
+ 285 490 96
? 265
* 70 584 91
* 60 521 76
+ 84 657 42
+ 75 619 39
* 80 420 67
* 102 353 7
? 363
* 560 660 53
+ 262 517 5
* 236 433 75
+ 388 564 81
+ 162 405 92
+ 20 560 32
* 57 269 54
+ 355 648 24
* 22 335 22
? 27
+ 46 232 54
+ 80 484 93
+ 131 366 29
+ 387 609 68
* 110 480 76
* 434 649 69
* 179 633 33
+ 417 606 95
* 247 543 36
* 145 215 12
+ 21 587 63
+ 448 553 64
+ 278 500 41
* 172 657 3
* 21 385 76
+ 100 263 80
? 67
* 108 206 25
? 108
+ 248 429 21
? 129
+ 91 240 16
+ 412 443 57
* 336 337 65
+ 43 183 27
+ 581 623 71
+ 102 213 16
+ 535 598 73
+ 181 362 2
+ 21 209 79
* 127 498 67
* 295 369 33
+ 7 249 85
+ 215 341 46
* 172 327 48
* 373 511 52
* 42 560 9
* 13 122 49
? 160
+ 537 544 54
* 455 575 92
* 13 622 78
+ 74 260 41
* 408 601 54
* 102 380 69
? 294
* 164 334 16
* 62 85 39
+ 53 184 2
* 614 618 77
* 145 527 64
? 374
* 15 90 69
+ 100 389 50
* 314 325 2
? 497
* 553 593 92
+ 517 599 60
+ 233 490 46
+ 532 605 57
? 247
? 501
* 221 280 71
? 44
? 653
+ 211 313 47
* 170 529 13
? 473
* 54 507 56
+ 20 520 61
+ 147 653 93
+ 347 668 29
* 252 619 65
* 254 413 97
+ 14 609 97
* 530 588 37
* 120 523 69
* 82 376 85
+ 4 184 66
* 110 364 87
+ 377 576 91
? 413
* 269 397 98
* 180 238 25
? 68
+ 306 504 53
* 146 591 71
? 305
? 545
+ 304 554 33
+ 398 518 78
* 179 398 26
* 314 428 84
+ 160 296 90
? 554
+ 241 329 72
+ 534 632 18
* 180 328 48
? 506
* 159 535 65
+ 135 232 24
+ 302 346 93
? 542
* 215 499 7
+ 358 396 1
? 366
* 61 301 25
+ 57 265 91
* 60 385 84
* 358 434 23
* 214 399 45
+ 73 586 66
? 347
? 627
* 280 300 66
+ 128 154 5
* 49 177 71
* 173 190 50
+ 12 488 30
? 306
+ 28 570 76
* 42 583 19
? 323
* 377 444 30
* 225 308 11
* 11 375 42
* 191 328 98
+ 151 264 81
? 188
* 267 271 82
* 276 430 90
? 629
? 1
+ 11 181 94
* 118 615 56
* 17 115 94
+ 271 523 96
* 29 67 50
? 12
+ 179 430 39
* 541 623 100
* 1 482 12
? 626
+ 11 158 59
* 436 469 25
+ 304 637 26
? 521
? 544
+ 539 621 96
+ 401 666 59
+ 333 575 56
? 264
+ 187 242 18
? 591
? 230
+ 205 607 31
+ 150 555 24
? 164
? 330
* 266 366 31
? 552
? 564
+ 37 260 75
* 420 623 65
+ 154 289 94
+ 99 662 88
* 198 385 12
+ 83 359 90
? 460
* 360 496 90
? 106
+ 185 228 49
+ 95 135 53
+ 243 441 15
+ 183 186 10
+ 35 183 77
+ 266 537 44
+ 282 304 36
+ 404 652 46
? 91
? 221
* 306 442 66
? 637
? 633
+ 138 669 92
+ 226 438 38
* 337 492 23
+ 250 461 79
+ 359 619 45
* 343 445 81
* 9 542 77
+ 129 180 55
* 185 453 55
? 377
* 81 468 54
? 541
+ 247 562 74
* 130 256 72
+ 47 122 82
* 187 628 91
+ 331 342 38
+ 176 668 7
* 290 508 5
* 372 490 75
? 615
* 63 441 47
+ 517 614 85
+ 260 393 46
+ 145 218 52
+ 250 483 33
* 184 283 76
* 286 613 42
+ 666 668 96
+ 293 427 68
? 562
* 161 197 12
+ 60 245 50
+ 576 587 41
? 516
* 569 580 57
* 151 638 22
+ 408 415 31
* 52 458 66
* 193 477 93
+ 101 293 38
+ 225 639 16
* 112 116 21
+ 265 554 86
+ 310 391 67
+ 541 611 3
+ 165 654 44
+ 207 556 64
* 210 312 60
* 16 164 86
* 166 228 30
+ 7 278 48
+ 510 662 75
? 643
+ 176 524 58
+ 529 587 59
+ 225 433 38
* 148 667 61
+ 110 195 27
+ 278 370 93
* 219 551 74
? 538
+ 93 580 59
? 318
? 402
* 160 524 73
+ 104 443 99
? 516
* 166 256 79
+ 353 467 58
+ 477 615 15
* 433 434 40
* 460 549 8
+ 502 514 58
? 292
+ 385 457 32
? 64
+ 230 576 49
+ 83 218 58
* 361 389 12
? 588
* 428 619 93
+ 306 433 15
+ 208 231 7
? 239
? 534
* 79 155 47
+ 28 374 94
+ 396 416 11
+ 54 63 48
? 202
* 366 433 43
* 96 328 79
? 174
+ 238 357 47
* 326 477 71
? 278
* 340 404 16
* 247 624 24
* 182 374 35
* 60 578 69
? 261
+ 100 599 24
* 157 436 17
* 251 263 68
* 257 613 21
+ 143 484 70
+ 12 73 97
+ 15 22 64
+ 41 149 20
+ 10 128 29
* 421 562 30
+ 470 596 49
+ 303 419 62
? 206
+ 221 449 33
? 490
* 377 392 25
+ 161 624 12
+ 332 469 64
* 587 621 70
* 89 665 32
* 133 427 2
? 200
+ 457 591 70
+ 445 455 9
? 231
* 64 486 2
+ 212 295 17
* 61 81 78
* 141 233 90
? 186
+ 156 217 26
* 285 443 94
* 328 532 19
* 180 196 36
* 26 248 94
* 168 449 66
+ 254 372 30
+ 365 367 31
+ 17 263 43
? 392
? 570
* 116 137 63
? 445
? 298
* 245 436 83
+ 5 76 1
* 53 181 45
+ 144 398 1
* 305 615 76
* 647 651 70
? 325
+ 9 216 6
* 183 621 76
* 30 566 53
? 418
+ 188 465 21
* 267 417 15
* 302 575 95
* 176 459 32
+ 396 519 25
* 259 514 75
* 446 628 14
* 37 422 11
? 559
+ 187 632 65
? 417
? 606
* 130 456 29
* 275 402 48
* 315 560 39
+ 100 380 18
* 258 572 60
* 39 273 41
* 532 554 84
* 273 404 29
+ 403 454 1
* 138 246 34
? 4
+ 261 557 83
+ 139 260 87
+ 28 163 24
? 435
* 497 523 55
? 356
+ 241 622 89
* 448 486 43
* 429 509 66
? 657
* 130 139 36
* 486 667 15
+ 120 376 29
* 446 486 29
? 221
+ 135 291 52
? 236
* 75 173 74
+ 120 351 63
+ 491 512 7
+ 178 281 6
+ 59 298 36
* 219 644 5
* 321 656 45
+ 371 445 36
+ 466 487 71
* 275 619 67
* 41 135 29
+ 59 664 25
? 640
* 80 622 70
* 382 627 70
+ 312 576 60
? 521
? 390
* 58 558 66
? 521
* 132 408 56
+ 257 628 93
* 181 476 37
+ 373 525 52
* 336 427 31
* 52 609 20
* 204 319 41
* 293 348 50
* 571 672 37
* 82 331 66
* 79 426 34
* 16 112 51
+ 223 512 4
* 236 418 95
* 560 650 73
? 608
* 14 393 76
+ 62 466 87
* 309 552 54
* 210 253 21
+ 308 351 38
? 194
* 114 352 81
+ 60 573 48
* 97 568 42
+ 248 276 20
* 495 591 5
* 22 86 99
+ 85 593 25
? 130
? 26
* 246 652 5
+ 36 331 73
* 378 664 36
* 213 433 82
* 521 563 45
* 190 661 25
+ 643 664 10
* 137 662 8
* 220 424 57
* 281 436 99
+ 193 653 34
+ 202 447 28
+ 62 157 5
? 163
? 192
* 202 624 97
* 288 641 68
+ 473 504 34
* 496 649 90
* 453 493 93
+ 18 132 41
+ 407 416 87
? 116
* 394 404 34
? 224
* 72 161 82
* 467 618 9
+ 170 437 40
* 326 347 14
* 204 646 5
+ 155 185 8
+ 525 666 84
* 301 519 97
+ 532 587 59
? 427
* 54 208 23
? 154
? 381
* 293 663 79
+ 65 70 100
* 131 484 51
* 213 543 80
+ 61 225 70
+ 247 432 25
? 668
? 71
* 148 505 63
+ 78 542 67
+ 237 274 41
+ 160 579 26
+ 31 92 89
* 584 663 86
+ 119 208 12
? 552
* 420 538 70
+ 67 142 67
+ 514 657 35
* 225 248 23
+ 424 500 3
+ 64 564 15
* 117 490 42
* 36 94 49
* 191 282 58
+ 219 593 24
+ 217 492 74
* 21 411 46
* 492 605 16
+ 108 485 16
+ 255 512 41
? 184
* 232 475 65
* 111 209 89
+ 506 672 80
? 58
? 609
? 548
* 196 551 64
? 34
+ 218 508 61
* 458 536 41
? 101
? 152
* 278 576 81
? 610
* 612 618 100
* 76 211 2
* 356 647 44
+ 97 540 29
* 292 496 93
* 120 485 47
? 318
+ 50 391 18
? 260
? 415
* 517 591 25
* 388 633 30
+ 127 468 78
+ 155 203 91
* 19 381 12
* 145 431 84
* 143 249 39
* 72 590 36
* 15 187 86
+ 235 440 12
* 131 231 20
* 104 333 6
* 95 632 57
+ 92 437 32
* 99 110 52
+ 47 78 52
* 142 509 19
+ 144 158 62
* 158 626 26
* 151 607 22
+ 101 347 42
* 518 653 32
+ 416 625 73
+ 43 468 40
* 278 286 87
? 665
? 517
* 454 519 28
* 486 545 26
? 430
? 67
* 70 124 8
* 39 39 1
* 145 377 8
+ 139 359 69
* 14 36 23
* 184 406 36
? 32
* 101 498 9
* 63 456 99
+ 533 588 74
+ 317 665 92
* 322 627 49
? 505
+ 151 209 35
+ 183 454 44
* 237 616 89
+ 308 450 10
? 624
+ 290 606 33
* 214 221 91
+ 145 315 57
* 152 366 33
* 324 646 53
+ 279 451 35
? 457
? 290
* 76 127 12
+ 93 217 65
+ 319 615 13
+ 134 440 3
? 412
+ 145 185 23
* 246 554 29
* 499 605 47
* 364 383 89
? 138
* 150 190 14
+ 412 624 78
? 95
+ 51 264 80
+ 18 667 44
? 160
+ 354 670 93
+ 6 614 96
+ 339 348 20
+ 26 520 68
+ 337 461 15
+ 315 319 98
* 470 655 27
* 36 608 27
+ 331 545 89
* 497 532 9
? 226
? 234
* 39 619 69
? 501
* 399 610 18
* 68 171 85
* 345 367 99
+ 37 191 52
+ 320 428 51
+ 244 476 18
? 173
* 26 398 18
* 452 466 68
* 211 480 85
? 125
+ 211 311 53
* 38 472 15
* 529 581 95
+ 76 237 12
? 670
+ 237 656 92
* 295 640 100
? 506
* 392 619 66
+ 378 640 4
? 608
+ 171 353 92
* 30 115 48
* 211 551 79
? 337
? 466
? 590
* 14 410 15
? 504
+ 300 438 73
* 102 621 66
? 190
+ 290 617 95
+ 578 611 98
+ 35 234 20
* 274 353 66
+ 286 362 81
+ 305 508 86
+ 369 438 37
? 486
* 75 390 66
? 109
* 262 552 79
* 447 462 40
+ 44 64 90
+ 255 611 100
* 609 632 71
* 376 633 72
* 185 491 34
+ 476 625 63
* 6 257 99
+ 272 467 67
+ 363 496 29
+ 52 494 67
? 432
+ 377 470 69
* 75 183 68
+ 219 551 64
* 55 345 46
+ 304 598 30
* 100 527 62
+ 363 508 83
* 32 366 80
+ 381 496 60
* 460 607 61
+ 45 216 95
+ 84 552 100
+ 49 341 30
? 6
? 256
+ 296 418 97
? 559
* 300 620 18
? 142
* 287 589 87
+ 557 583 39
+ 114 142 58
* 1 656 19
+ 365 437 5
+ 120 230 76
* 112 271 32
* 221 668 38
? 346
? 276
+ 101 410 82
+ 173 573 31
+ 173 370 80
+ 200 286 81
? 498
* 45 78 5
+ 237 454 57
+ 201 280 54
+ 392 647 7
+ 270 538 14
+ 233 357 35
? 316
+ 223 521 18
+ 189 441 55
+ 323 541 63
+ 598 668 34
+ 200 622 78
+ 398 479 65
* 15 423 46
? 540
? 178
? 575
* 224 622 66
+ 43 232 90
+ 325 583 84
? 343
? 63
? 610
+ 79 531 55
+ 1 331 53
* 488 643 17
+ 374 508 49
* 182 244 9
? 587
* 268 453 16
+ 223 399 52
* 420 661 25
? 630
* 94 233 75
* 39 139 67
? 472
+ 130 526 99
* 199 271 15
+ 488 629 57
? 503
+ 319 625 84
* 363 571 88
? 623
+ 520 537 65
+ 220 645 100
? 465
+ 367 408 59
? 196
* 514 659 77
+ 79 199 82
* 4 387 22
? 123
+ 94 168 56
* 100 215 79
+ 116 159 30
? 84
+ 593 673 20
* 239 393 92
? 515
* 133 592 34
? 366
* 593 644 66
* 152 628 36
+ 263 265 22
+ 331 664 58
* 20 421 7
+ 278 600 75
+ 212 324 11
+ 52 86 67
* 66 300 74
* 298 499 58
+ 551 554 12
? 248
? 270
* 17 142 55
* 387 406 22
+ 60 416 25
* 260 393 52
+ 31 359 9
? 307
+ 112 193 53
* 279 427 61
? 140
? 620
* 220 363 32
? 292
+ 317 355 3
* 257 483 45
+ 19 122 79
+ 285 359 73
+ 365 553 53
+ 205 428 95
+ 80 267 83
? 68
? 329
* 108 321 37
+ 399 441 78
* 206 612 72
+ 287 612 82
+ 394 601 67
* 389 471 4
+ 490 601 24
+ 203 525 27
* 657 661 54
+ 217 562 81
+ 352 466 4
+ 357 662 35
+ 257 380 99
? 147
* 349 549 40
* 503 585 99
+ 131 137 38
+ 177 628 49
? 71
+ 116 529 24
+ 241 387 97
+ 80 598 80
+ 406 663 85
+ 507 548 43
? 139
+ 127 557 24
? 655
+ 350 596 70
+ 252 542 86
+ 275 431 90
? 174
* 176 644 65
? 109
* 1 120 30
+ 156 266 36
+ 332 649 55
* 382 601 21
* 114 401 8
+ 62 504 95
* 187 278 70
? 403
* 215 668 92
+ 395 400 18
+ 254 529 46
* 375 382 94
* 145 650 31
+ 49 271 93
? 571
+ 112 275 26
* 10 301 99
* 47 502 75
* 295 494 63
+ 22 99 21
+ 371 570 34
* 4 508 20
* 301 377 44
+ 156 179 100
+ 89 135 78
* 162 356 43
+ 51 633 97
* 34 157 97
* 165 242 36
* 416 596 63
+ 71 137 91
* 111 628 21
* 14 366 45
* 243 585 75
+ 181 355 29
? 620
* 32 542 74
+ 20 466 47
* 198 651 90
+ 7 209 34
* 81 353 100
? 435
+ 49 446 57
? 590
* 214 649 78
* 98 471 83
* 118 185 27
+ 227 233 66
+ 196 562 35
* 304 532 22
* 323 507 25
+ 162 549 89
* 462 606 70
? 243
? 84
? 610
* 40 498 76
+ 263 514 7
* 383 519 86
? 55
+ 91 198 45
? 553
? 660
* 52 70 65
+ 14 626 84
* 57 134 91
? 495
+ 111 366 98
? 309
+ 290 462 55
? 577
+ 511 646 35
* 275 640 21
+ 372 408 19
* 23 611 34
+ 290 612 46
* 157 406 98
? 616
+ 383 581 21
* 194 262 67
* 121 308 76
* 111 654 97
+ 212 614 78
* 373 471 46
* 245 478 20
* 385 668 8
? 283
* 45 239 55
+ 419 541 73
+ 353 412 81
* 319 579 22
+ 426 508 92
? 503
+ 134 338 49
+ 179 211 23
? 174
+ 311 408 12
* 170 435 61
? 118
+ 464 544 54
* 91 601 70
* 505 530 96
+ 251 312 80
? 622
* 66 205 67
? 209
* 164 612 78
* 456 502 58
* 74 410 81
+ 138 635 97
* 15 525 33
+ 479 482 55
? 319
* 181 257 6
+ 90 539 16
+ 130 210 16
+ 86 533 49
+ 21 150 13
? 631
* 102 556 88
? 267
+ 28 283 97
* 471 473 49
+ 324 603 39
+ 263 336 61
+ 34 498 56
+ 84 135 53
* 88 461 66
* 311 475 28
* 116 339 63
* 2 190 46
* 132 460 24
+ 64 328 59
* 314 427 37
? 443
+ 244 456 64
* 47 284 5
* 494 573 57
* 14 643 86
* 160 386 58
+ 322 627 2
* 568 640 82
* 1 647 18
+ 98 219 19
? 102
+ 116 651 52
* 246 634 37
+ 113 307 31
* 405 453 47
+ 283 663 31
* 256 594 97
+ 545 600 62
+ 204 437 84
+ 340 376 76
+ 580 673 54
? 55
+ 172 341 93
* 226 334 95
* 334 376 58
? 139
* 202 367 54
* 427 596 70
* 232 546 54
+ 211 579 93
* 363 461 26
? 24
? 67
? 270
+ 108 636 73
+ 98 550 98
* 372 506 4
+ 202 508 60
? 507
? 648
? 526
* 440 592 38
* 496 605 17
+ 432 623 11
* 143 666 69
+ 90 402 15
* 349 503 73
+ 89 401 12
* 528 573 29
+ 229 620 19
+ 141 186 21
+ 36 163 22
* 127 528 93
* 39 141 93
* 417 491 12
+ 116 256 93
? 254
+ 284 523 25
+ 41 576 18
* 198 244 48
* 402 598 58
+ 293 660 76
+ 207 250 35
? 436
* 46 80 30
* 163 351 66
* 325 523 45
* 273 291 71
* 11 20 6
+ 41 636 47
* 522 577 18
* 157 490 69
? 119
+ 444 536 75
+ 51 648 76
+ 425 478 77
+ 298 317 29
* 177 244 80
* 35 541 28
* 161 180 68
+ 100 437 78
* 155 346 13
* 116 470 3
* 82 265 62
* 156 305 70
* 555 660 70
* 606 621 65
+ 450 638 5
? 118
+ 43 283 76
+ 262 609 54
+ 32 79 70
+ 548 576 85
* 91 200 100
? 105
+ 204 436 12
+ 379 599 5
+ 442 652 5
? 10
+ 209 317 45
* 17 127 36
+ 521 558 98
* 68 494 50
+ 143 506 16
+ 139 478 35
* 485 546 56
+ 60 392 61
* 153 372 60
* 108 197 42
+ 243 556 100
? 211
+ 143 312 52
? 184
+ 117 650 29
+ 272 605 8
? 252
? 528
+ 188 572 78
+ 327 671 22
+ 5 561 71
* 92 126 35
+ 75 338 23
* 52 569 13
+ 321 575 32
? 589
+ 41 72 34
* 79 589 69
+ 92 176 62
? 250
? 562
+ 101 457 75
+ 109 661 66
* 89 659 87
? 407
? 261
+ 227 345 37
* 197 478 7
+ 9 275 25
? 95
* 210 567 21
+ 28 447 54
+ 218 464 84
* 46 335 71
* 117 669 59
+ 75 205 31
+ 488 635 94
+ 57 593 65
+ 340 491 65
+ 250 365 71
* 43 455 100
+ 51 475 86
* 92 445 44
+ 210 512 85
* 84 291 94
+ 35 217 37
? 265
* 435 562 89
? 363
* 633 640 1
* 150 423 18
+ 327 632 78
? 140
* 175 637 90
? 356
* 118 182 59
? 544
* 334 638 83
* 22 27 80
? 318
* 97 435 1
* 120 609 76
? 291
+ 319 408 15
* 546 588 50
? 461
+ 39 610 54
* 114 553 67
? 371
* 487 618 60
* 125 141 4
+ 102 632 58
+ 461 629 87
+ 561 562 45
+ 62 278 56
* 421 504 83
+ 330 565 97
+ 383 421 14
? 383
* 299 521 8
* 332 614 23
* 459 511 51
+ 219 238 65
* 365 648 99
* 137 487 20
* 272 534 87
+ 66 654 17
? 178
* 335 636 54
+ 58 252 42
+ 488 629 63
* 491 604 45
* 196 634 8
+ 67 281 77
* 171 463 54
* 23 67 77
* 17 371 67
? 566
* 73 624 54
* 83 485 64
* 546 620 82
+ 279 437 51
+ 119 312 39
? 328
+ 477 562 20
* 294 535 52
* 45 52 14
? 127
? 296
+ 59 142 7
+ 347 411 63
* 66 554 2
+ 374 594 87
+ 227 590 13
* 94 632 92
+ 63 313 96
+ 93 124 40
* 149 258 16
+ 454 554 57
+ 385 526 18
* 135 667 52
? 376
+ 15 212 48
+ 178 637 24
* 175 239 87
+ 419 644 73
+ 235 384 83
? 647
+ 186 258 64
* 395 673 51
* 166 306 69
* 63 314 35
* 438 474 11
? 164
? 52
* 531 607 86
* 45 200 31
? 387
+ 20 367 18
* 538 626 13
+ 136 289 4
* 477 529 73
? 538
? 241
? 394
+ 94 411 4
? 597
* 20 234 17
? 315
? 501
+ 244 412 11
* 47 518 30
* 47 222 38
* 163 328 1
+ 154 314 39
+ 246 317 19
? 199
* 65 135 39
* 138 566 88
* 6 569 100
* 25 415 81
+ 317 463 78
? 17
? 130
* 22 660 21
* 288 593 40
+ 17 63 25
? 315
+ 57 367 20
? 288
* 210 218 15
+ 143 468 95
* 107 292 42
* 46 292 54
* 514 551 46
+ 25 200 2
* 151 656 35
+ 179 208 2
* 136 400 87
? 161
+ 220 580 84
* 180 320 96
+ 119 570 87
* 65 167 99
? 374
+ 532 658 58
+ 283 515 36
* 338 497 34
* 33 105 6
+ 238 465 93
* 160 406 26
+ 93 196 12
+ 114 243 67
* 140 343 47
* 457 558 37
? 563
? 362
? 629
* 220 490 12
* 89 271 75
* 247 474 56
+ 157 435 70
+ 21 218 86
+ 127 158 52
+ 26 310 23
* 420 493 70
+ 71 541 21
? 164
+ 546 598 35
? 218
* 14 106 54
+ 367 516 51
+ 51 174 11
* 51 154 73
* 276 412 66
* 173 364 91
* 531 662 18
* 198 641 41
* 341 404 16
* 100 135 58
* 185 349 83
? 119
? 240
+ 84 496 92
+ 224 645 17
* 435 554 69
* 164 490 73
+ 174 265 77
+ 96 193 12
* 264 644 9
+ 53 605 65
+ 336 611 70
+ 135 437 84
+ 322 664 95
* 550 638 4
? 525
* 334 495 75
+ 250 297 65
? 316
* 515 588 49
+ 251 668 91
+ 337 573 41
* 516 594 18
* 123 563 74
? 314
+ 63 344 68
+ 297 379 95
* 187 229 4
* 117 252 80
* 90 433 1
+ 387 462 59
+ 90 350 65
* 2 557 17
+ 379 497 6
? 51
+ 44 302 1
* 298 508 28
+ 186 618 39
+ 255 547 73
* 28 565 70
* 346 574 69
+ 360 380 80
? 181
+ 298 606 49
* 109 186 73
+ 615 615 55
+ 10 261 15
+ 79 311 33
+ 220 368 77
* 52 608 96
? 6
+ 242 423 7
* 292 609 93
* 406 445 41
+ 453 598 67
* 128 296 30
+ 484 543 39
* 114 186 5
* 170 176 31
? 66
+ 245 471 11
* 114 172 43
? 596
? 537
* 348 590 47
* 60 423 57
* 154 256 40
? 219
? 574
+ 219 239 38
? 539
* 461 590 46
* 113 425 80
* 47 488 81
+ 81 194 23
+ 230 415 92
* 73 392 27
+ 172 322 38
+ 200 383 20
? 186
+ 232 644 1
* 397 647 50
+ 304 420 63
+ 206 381 16
* 454 578 14
* 341 443 72
* 443 584 45
+ 90 496 85
* 238 513 89
? 347
? 576
+ 211 275 92
? 326
+ 223 570 69
? 526
+ 260 451 97
+ 42 89 58
* 104 170 20
+ 39 336 3
+ 157 591 96
+ 641 652 12
* 212 409 54
* 515 598 42
? 248
* 115 479 59
* 244 347 8
* 268 306 27
* 110 333 1
* 176 650 33
? 100
+ 463 467 31
* 230 281 20
* 558 672 54
+ 513 585 30
* 564 603 48
* 83 263 82
* 408 539 28
* 312 622 48
+ 171 342 34
+ 173 532 56
* 586 596 79
* 65 391 91
* 16 522 45
+ 147 255 47
* 268 464 14
? 539
? 348
* 341 577 3
+ 274 414 16
+ 316 595 97
* 506 541 13
+ 447 624 58
* 88 408 41
? 260
? 231
* 393 621 46
+ 170 319 65
? 640
+ 203 636 16
* 265 550 86
* 104 670 54
* 78 224 9
+ 393 585 63
+ 399 446 94
? 143
+ 179 345 58
+ 207 435 61
+ 156 441 73
+ 411 654 50
+ 409 508 70
* 16 19 90
* 379 505 43
? 279
+ 614 659 36
? 269
* 6 164 44
* 130 651 30
* 45 71 88
? 97
* 515 603 76
* 232 347 17
* 566 614 21
? 75
? 271
? 148
+ 126 188 72
* 409 555 46
* 513 534 50
? 108
+ 137 296 86
* 343 345 21
? 68
* 9 572 30
+ 173 445 99
+ 70 537 7
? 641
+ 316 560 68
+ 103 228 5
+ 4 95 29
+ 449 633 14
? 260
? 124
+ 158 193 52
? 254
* 140 488 24
* 433 646 17
+ 9 492 94
+ 277 433 9
+ 344 440 14
* 588 599 37
+ 447 529 62
* 217 618 55
* 96 651 76
+ 200 669 30
* 225 485 28
? 577
+ 451 620 50
+ 62 386 1
+ 67 563 14
+ 287 543 14
+ 113 413 36
? 598
? 88
+ 425 483 51
+ 90 302 68
+ 96 295 28
* 472 651 66
+ 305 624 88
+ 469 473 18
* 440 631 13
* 460 656 50
* 348 472 56
+ 11 326 71
? 667
* 224 617 46
+ 95 525 72
+ 232 604 57
+ 146 340 11
? 14
? 641
? 664
? 322
? 647
* 387 401 72
+ 248 249 88
+ 136 344 83
+ 403 572 25
* 430 433 91
* 590 622 86
+ 133 418 21
+ 479 579 71
+ 170 495 3
* 155 641 77
? 463
+ 219 599 47
+ 395 479 27
+ 216 276 52
* 101 575 12
? 199
+ 420 625 2
? 565
* 7 161 40
? 607
? 575
? 396
+ 164 461 72
* 55 229 15
? 501
+ 99 417 32
* 100 314 26
+ 167 436 61
* 332 445 47
? 119
? 575
+ 131 384 59
? 211
* 489 627 81
? 275
+ 341 369 78
+ 583 613 31
? 369
+ 488 516 54
* 337 399 26
* 456 642 27
+ 187 399 41
+ 191 627 21
* 121 365 58
* 165 304 16
? 447
+ 300 446 20
+ 446 638 79
+ 213 512 99
? 404
* 38 468 33
+ 512 617 72
? 546
+ 67 352 24
? 343
? 380
* 32 505 77
* 147 362 96
* 68 516 84
? 169
? 541
+ 432 542 17
+ 29 234 55
* 150 486 36
+ 20 154 59
* 462 645 62
+ 303 600 34
+ 167 649 50
* 38 101 21
+ 95 503 74
* 157 545 76
? 381
+ 352 373 37
+ 42 191 46
+ 11 595 27
* 132 245 88
+ 343 355 69
+ 53 485 36
+ 219 239 29
+ 436 503 49
* 112 113 51
* 354 404 48
* 143 418 73
? 143
+ 248 627 5
? 594
* 254 662 63
? 481
+ 257 594 15
* 110 596 67
+ 309 316 93
+ 380 474 78
+ 2 419 46
? 383
* 203 466 58
+ 133 600 30
* 366 388 71
+ 477 509 35
+ 274 327 59
+ 394 655 52
* 24 617 31
+ 157 625 95
* 283 291 16
* 312 319 7
* 342 492 8
+ 455 480 80
* 218 551 6
? 37
+ 116 477 65
+ 293 411 36
* 343 670 25
+ 170 190 72
* 308 537 81
? 542
? 483
+ 102 167 53
+ 232 311 37
+ 38 598 73
+ 260 661 20
* 377 428 74
* 237 323 41
* 198 427 3
* 105 595 22
+ 78 478 45
+ 93 453 46
* 354 482 64
* 118 551 96
+ 11 119 43
* 432 670 38
* 307 619 2
? 411
+ 190 339 13
+ 239 561 60
* 59 252 74
* 396 536 23
* 466 611 41
* 474 476 48
* 226 400 28
* 448 641 54
+ 48 305 76
* 220 561 56
? 403
* 340 398 47
? 326
+ 363 537 90
* 276 646 29
+ 143 620 38
+ 14 391 23
* 7 92 43
+ 290 669 80
+ 2 607 1
? 452
* 354 425 17
? 428
+ 187 422 17
+ 20 459 49
* 500 509 8
+ 33 166 77
* 439 551 14
+ 62 565 20
+ 366 672 7
* 252 306 3
* 332 649 4
+ 206 365 83
? 591
+ 210 596 30
? 272
* 216 511 38
* 65 420 47
? 44
* 53 147 68
+ 164 358 16
+ 249 493 10
+ 429 484 69
+ 41 300 8
* 8 133 56
? 527
* 580 621 1
* 241 288 85
* 84 492 42
+ 100 435 20
* 453 460 45
+ 139 325 60
* 26 425 44
+ 292 628 32
+ 157 561 63
* 475 601 29
+ 121 193 98
? 260
* 40 606 28
+ 65 611 37
* 107 436 28
* 104 386 41
* 352 476 81
* 95 649 25
+ 402 662 67
? 16
+ 288 626 47
? 523
* 366 455 37
* 482 511 80
* 97 188 60
* 2 374 6
* 400 547 56
+ 30 502 43
? 147
* 148 512 93
* 19 120 78
? 345
+ 329 663 48
* 306 654 23
* 480 628 94
* 212 602 4
? 441
+ 647 650 74
+ 20 166 42
+ 132 538 51
+ 261 297 11
? 251
* 161 165 2
+ 307 658 91
+ 582 650 21
+ 185 326 75
? 317
? 417
+ 4 483 80
? 189
+ 205 349 39
* 91 550 1
+ 226 606 36
? 428
+ 244 510 11
? 381
+ 393 513 90
* 152 557 9
+ 149 569 4
* 115 204 100
? 382
+ 429 563 70
? 287
* 21 325 29
* 346 625 74
* 153 223 16
* 225 510 54
* 254 461 96
* 155 508 45
+ 292 574 7
+ 31 205 67
+ 360 422 86
+ 34 135 26
? 214
* 129 428 17
+ 540 663 93
* 281 668 17
* 124 219 43
+ 377 432 17
+ 98 339 21
+ 135 507 29
* 306 630 95
* 459 522 43
+ 3 640 97
? 513
* 344 498 87
+ 96 475 100
* 46 559 32
* 125 610 73
+ 54 383 46
* 485 593 11
+ 231 573 40
+ 221 539 83
* 130 531 69
* 47 520 20
+ 233 639 92
* 44 474 84
? 361
* 431 591 89
? 107
* 79 409 6
* 417 541 70
* 57 321 20
* 26 200 84
+ 314 556 90
+ 52 282 38
* 217 364 8
+ 335 522 68
* 269 345 37
+ 385 647 26
+ 5 42 36
* 338 477 92
* 49 207 72
+ 299 334 13
+ 426 570 2
* 84 119 72
* 334 418 58
? 86
* 18 627 4
* 141 197 49
? 602
+ 10 516 99
? 77
? 131
? 27
* 83 270 6
+ 397 452 84
* 231 398 80
? 499
* 403 427 64
* 168 326 10
? 584
+ 121 621 90
+ 520 544 55
* 107 182 2
* 124 162 7
+ 38 441 87
* 259 441 19
? 538
* 173 613 92
+ 564 593 40
+ 258 346 62
+ 77 349 83
+ 51 471 84
* 34 275 82
* 207 349 67
* 142 598 91
* 546 603 19
? 643
* 446 623 72
* 161 249 89
+ 441 529 19
* 83 450 100
? 353
* 201 570 3
* 101 596 26
? 368
+ 110 195 98
? 602
+ 269 370 63
? 601
+ 9 118 30
+ 343 395 19
+ 142 299 88
* 13 175 81
* 13 136 68
* 256 380 48
* 192 459 83
+ 5 190 70
* 13 125 42
+ 503 584 3
? 37
? 252
+ 260 599 13
? 27
? 621
+ 223 381 16
+ 15 412 45
* 84 653 36
* 129 569 96
? 381
* 90 434 23
* 268 480 89
* 40 533 26
+ 374 411 19
? 353
* 243 572 79
+ 93 206 14
? 639
+ 286 522 87
* 270 655 47
+ 233 491 72
+ 6 414 75
* 77 567 22
