0
0
29
19
16
25
13
14
10
5
4
4
14
2
4
19
19
15
24
24
12
12
7
18
0
10
6
14
6
29
6
25
0
0
0
25
24
22
22
12
15
25
0
5
0
24
3
0
14
24
0
7
0
7
11
29
13
5
1
9
0
18
0
13
6
5
9
21
21
29
14
17
0
0
2
0
20
1
1
5
0
20
9
0
18
24
20
0
5
1
25
10
0
26
8
8
17
12
27
20
0
15
18
10
25
9
28
18
8
9
0
26
14
6
12
7
14
6
24
28
0
26
0
18
24
14
0
0
0
8
0
0
0
0
6
0
0
0
15
16
14
8
12
20
20
16
0
29
18
29
4
18
18
15
17
0
0
22
0
24
26
18
13
23
26
14
14
2
28
16
15
15
14
18
28
14
15
0
10
0
22
4
0
14
10
12
16
25
20
29
19
27
15
12
12
12
7
21
18
16
19
3
23
11
9
12
0
0
28
21
6
18
18
25
25
18
28
6
6
25
20
24
6
6
18
12
12
24
24
12
0
0
29
7
28
0
0
0
24
2
25
18
15
3
0
0
27
17
12
12
12
0
1
0
14
12
2
0
7
9
16
23
23
18
16
28
6
0
20
0
5
28
28
0
20
10
17
9
24
8
0
21
10
12
28
11
13
11
22
0
8
14
13
25
15
4
0
20
2
0
28
4
13
0
21
0
0
4
24
0
0
14
14
5
16
16
23
23
25
13
20
25
25
26
7
7
14
0
5
17
12
16
19
19
0
24
11
8
28
14
8
4
4
25
25
13
13
12
24
24
24
11
18
6
22
28
16
16
22
20
0
0
22
20
18
11
11
15
14
9
22
0
12
27
28
0
28
17
6
16
24
6
24
22
0
0
24
