300 300
68814192
71358200
40710791
53905366
47845392
77374008
16570715
87799493
92573331
22589424
983662
5017312
61665367
32096157
30779673
33817415
4912833
89629602
34152824
24383051
40190812
34358461
33353776
56840705
95631453
23163551
53269315
5322837
29287960
18683719
10841827
50618502
90041916
4068967
57040217
90403657
33959324
73610929
78203148
26532652
48716702
31703159
31549961
10382066
16315666
62329631
96715830
21228496
4475582
30868652
98127896
44666392
65227110
31481669
54023446
60858560
7161569
59809110
18697746
88965879
31009178
82055922
39584378
73567444
86124886
49140944
63971098
20084207
22751870
94690595
46616856
23984922
78910104
30683166
34366985
95225767
93012794
31082813
16454260
97488374
14467814
67098505
94671115
79694921
51096524
1210910
93069830
10774442
61020017
64283926
99740318
44545544
46339845
91841045
18112985
32464729
40981986
34600433
52548933
16250206
29291025
51682139
40235125
8201126
82365302
27118459
3426890
27894446
10717621
72397499
77899169
25185432
92012354
25086633
57396702
43108875
26297540
50466530
53883314
39833906
14750453
6139982
84379447
13606647
97981024
2492430
46071373
91479360
37092860
51136656
7729563
66383882
55335144
481037
27101358
37700443
27599493
83044597
18111238
90833464
55442094
96010404
16018893
47454445
73613386
25931945
43079669
99910923
76398472
96962980
39744826
43665274
3102959
24124271
57271918
53600333
26616698
55859641
45079690
16225907
59512646
5325602
35126138
14847787
5806636
62227493
5064579
85922478
97788440
75692167
29272291
53230531
24218920
97807534
53201325
97832304
23739476
48797343
97743224
52654297
98276672
37488048
96319568
53895981
14128668
6107835
7496311
93261715
14483825
5092350
9487619
73996468
10417949
97130106
41360604
68740934
59357597
98941533
7179761
57146034
74633697
36452050
62892914
98852614
34259581
68610588
96684915
57999054
69924280
46944489
10653348
68200949
36948886
59489265
74613279
3593903
18113449
34625939
96855615
32597272
39718286
58859583
6593737
2652584
55989686
470691
23909867
67863632
99412221
31089626
77526015
74045915
67541673
92935278
25414878
54317603
14062215
74616143
64833006
83986492
21560629
28002703
4703791
11025864
87491965
79317067
14619764
5605411
13943004
11475376
38202680
53661287
22851308
97312767
8830221
78840991
50299807
32740085
46704621
49712025
63829708
76746985
76274289
83887730
69682261
1689164
38205330
83744473
76305304
55554685
67730963
50382282
83557385
24951103
61408143
71049347
4268167
28544256
29171108
18211168
40019629
19890137
24388805
62870934
69719253
33219023
94228275
20019057
65959105
93449245
69731079
82305163
70196227
98521717
66192890
39878485
210879
56914570
76139308
29032532
12469252 43870268
31931164 48542987
21337720 45855656
25605884 72108683
1279788 74399910
43817050 66935888
20722204 21169923
82323172 90889173
53941224 76551444
63424580 72416678
22517038 33155656
54721838 92713262
73431078 84193723
32591745 84404599
61247402 82861997
47847598 65953480
50400993 57634019
78971736 96390582
68499263 96256647
4577617 23172906
911016 22295400
43465320 90108791
21633217 24948312
28090790 86870843
2811772 54016105
507466 76533140
7745653 88483777
69246400 72677497
33693080 54354494
9598445 69071426
15601893 75551923
16919022 73235909
25952913 65825953
52207642 74725909
9301608 34325213
56620611 97898812
10212622 40523953
31845836 52602280
65472262 91989472
12452976 19488365
65476791 94801241
83285016 96021502
25738793 65267899
8478862 59431871
18077305 72138742
28503294 87740632
46145577 97938665
13492890 72098487
18216881 63764616
50606178 99340746
27518487 97239555
37731106 59743138
12345416 90279857
22093291 55752117
34546264 56851237
4168828 27756831
23778330 52539404
39970193 78278195
41562579 48449052
37710063 66217670
18729706 66526354
6474652 12671928
19967539 69184721
37286765 85465686
38184418 89143860
36071861 65702902
86383412 95814997
29179619 55950357
30559997 60676762
70044348 84931733
65106259 65204913
70162012 74213173
41499592 66699715
35578520 48440204
15148765 38666616
1796188 34191468
8270837 9912672
79097390 99379746
28238373 89182860
18939140 64563073
53151283 78326717
17226478 84642039
48966277 93108745
46406094 62159388
23668740 83854176
32203734 41291348
49059086 58933256
11453357 43075028
25632969 59893559
40781731 78653545
80449730 98560172
27489548 60989193
41236916 79385643
40086580 69475287
57166002 68568500
40930776 46895214
10317283 78089165
11799909 16638042
63044133 71197907
73959295 94866644
58679378 99414659
990094 88674341
127696 17612631
43245597 44065119
12537604 22718662
11097773 36543677
55684741 64033223
72086964 96921655
43418863 64689893
18913291 64503713
21855893 59844064
63915276 84689525
37933226 80553315
61647483 96489431
22965075 96113798
48044806 56514124
45188463 81644450
49034897 99257079
45616366 97832508
10370109 95019025
20851377 31562700
73984231 76536115
48112272 98587544
25974119 44047484
63277435 97403759
8551194 37649677
24982820 57247821
47697396 74855551
5536132 71344979
9344876 54166279
18375350 46826404
2211082 28470851
3762329 16080162
13912667 80244279
27779654 49378692
24282773 70230066
59342351 98267001
59970972 99282530
25256647 96854543
4018453 12648327
65085997 75176755
2814353 32424573
77669901 90068814
48121295 80121967
41983192 49014877
2287572 48357630
57015003 60358539
29344831 76438698
9589107 60777329
10156018 90351362
67150484 89885110
32902433 49227458
17933835 84701313
9198427 67304727
62474309 65733230
37651061 79953051
30819224 82767401
70075632 73404387
2713948 60437299
21525679 61968525
44697137 76329600
10326153 57572026
39670981 85860953
34010721 46638279
1776437 76878433
9310647 91661545
44028914 94729429
61962746 93405352
55120129 79430739
29267470 41905045
61736870 73369708
4188929 79556104
2148085 44504268
30109665 57457916
4151693 4862030
2075516 19426439
32997643 82268941
12163891 18858593
46174610 74456271
28749057 65496869
23053040 27323865
19598303 72926951
22053292 66332301
54000380 81561047
63344866 73968779
47338484 95905423
25081734 75461524
4043762 22102351
30125958 34153424
79560265 87504337
51503053 90821466
23819106 42096202
33771991 54260091
8228259 42677696
434698 60690915
76004087 89493665
40531129 62420614
62584418 95602387
28752912 29679783
55238040 69101148
45540999 65006568
2576521 23139082
6620280 92984441
23110396 45241430
77318044 93290053
10614730 84111516
5227281 28821094
15109434 60446972
55641017 59487369
12438416 75854042
16331929 65347705
56863056 88442500
27768316 36561237
9037577 71963823
18757369 41064968
64275614 64298365
58587885 66852132
39953796 51572323
25988761 85195224
27199068 71795163
15029617 90330147
8423028 43850709
68869997 95557426
55044792 58960140
24511012 87330532
67483206 93359290
8442055 52678234
2738695 80446547
27218868 97519641
16277008 42000473
6276084 20800185
33091722 79388068
25561868 25644565
4149675 83476740
10757089 63192158
25786703 75944835
53522302 84367860
1596077 22153761
5754207 33630251
9157219 30265216
20960780 29156774
23624503 73639011
26363196 37598826
6601907 87634817
6098413 48602377
3911822 26898595
7394810 89519893
6286660 33039372
15081758 89763398
37189044 78355196
5471905 65650228
56658249 58994204
50018085 78812007
55772289 60590279
64958607 69747495
38553854 85919384
14694707 98904266
12074744 89019441
18676648 41057900
47156310 76654255
19795374 33082426
26571254 27190181
32857912 75118669
42716776 60229550
49934943 75137659
21071970 80609561
30246568 68101520
18119603 92120114
52710390 61574924
26408241 26533529
17478445 74974234
26394849 64969262
32173149 77044004
25747398 67930640
44584892 48237001
25420057 68032373
30183668 51991308
5302334 47738903
37365569 60484803
535459 12503225
10419743 74123778
45629135 78521261
4370343 37749247
49157213 65945265
28081803 42975986
44995143 70466570
45560245 62480754
30249743 96861416
39524755 64792053
40278106 55997138
61893295 81417192
44593312 60826828
8565728 85924850
2411995 23290416
2947451 69050528
31986621 35793639
33939123 77071227
63024231 81441567
64697793 71688367
14664351 99903181
