858 355
504 676
514 200
745 82
748 261
755 21
357 6
752 711
433 718
42 271
272 623
312 224
364 302
390 88
458 524
668 324
283 314
403 797
775 552
282 664
812 440
88 311
445 839
425 19
103 466
551 636
230 5
263 856
306 652
85 168
579 157
753 3
732 297
203 52
848 484
119 206
65 206
778 772
449 344
790 813
810 745
852 443
749 256
440 458
311 787
625 31
347 519
33 220
220 498
271 471
123 389
676 450
856 595
363 708
343 556
662 556
704 655
140 856
314 842
456 624
174 484
654 520
407 91
143 626
588 413
238 114
205 318
563 464
316 329
314 658
289 379
355 134
438 757
132 751
144 849
517 317
474 574
836 284
68 120
51 59
794 551
173 402
272 139
7 587
468 582
649 160
103 407
293 540
305 686
694 448
676 614
168 554
592 145
837 659
526 292
718 723
246 294
266 517
432 535
507 303
258 297
462 622
108 159
565 412
248 401
264 328
156 693
23 151
242 263
810 767
816 73
632 465
366 39
123 797
835 34
242 235
592 107
856 699
527 563
515 775
367 182
244 784
16 528
77 257
194 28
428 152
362 201
616 727
501 143
69 478
438 572
116 171
679 113
12 609
79 788
525 445
111 172
371 126
699 447
645 35
736 214
448 501
676 467
369 318
13 699
199 450
413 314
621 495
689 36
245 767
823 174
616 75
345 390
462 186
240 248
482 379
723 333
21 540
203 389
262 216
229 460
69 45
178 689
539 8
128 784
178 354
99 197
690 705
586 294
32 825
803 775
345 668
249 627
611 452
157 14
71 648
474 139
96 55
232 635
62 621
822 501
117 324
102 806
170 91
503 464
58 710
380 664
781 33
433 533
746 851
547 220
44 424
358 140
478 851
178 801
614 141
705 730
726 806
81 299
39 846
762 358
697 546
425 619
840 261
555 131
254 243
350 559
70 111
102 547
104 279
751 121
681 598
254 548
807 334
251 249
321 154
606 421
103 435
443 84
695 140
214 90
644 825
53 714
78 154
664 443
433 557
563 517
558 816
469 506
291 719
159 16
276 764
436 379
340 283
462 439
422 80
790 207
46 842
324 385
138 130
827 832
90 531
490 647
488 100
556 183
222 714
460 498
24 299
18 625
581 741
205 144
224 137
613 270
382 78
58 519
469 27
754 558
819 386
608 449
747 568
35 111
685 494
12 708
792 29
737 515
173 345
62 397
481 674
70 267
156 127
785 624
153 681
324 114
470 335
824 620
44 858
134 729
755 145
840 688
435 718
606 608
205 72
408 89
745 477
617 42
603 544
666 160
628 393
535 501
131 500
524 175
761 658
307 657
206 550
748 641
672 758
652 18
829 201
368 119
81 389
161 683
336 230
246 367
26 780
9 156
683 532
592 847
593 302
49 799
852 201
843 665
100 40
86 332
502 715
450 582
245 14
668 580
243 318
88 530
501 358
686 326
294 681
314 28
125 625
230 380
825 476
186 66
777 533
659 420
389 250
405 38
264 477
617 768
198 109
440 698
466 529
427 759
351 145
191 737
769 682
258 735
562 705
204 480
641 4
304 172
253 112
471 778
588 229
92 189
599 531
29 207
463 455
369 217
3 821
358 771
645 615
