123 4567
78 62
4 11
111 41
43 107
1 54
43 45
26 100
68 98
105 99
49 17
57 30
53 114
34 41
96 113
106 54
7 61
115 53
71 102
94 33
5 14
86 47
59 31
66 3
5 48
21 96
64 77
2 36
110 35
76 2
68 59
55 117
39 90
46 29
111 59
61 116
73 66
82 51
96 25
53 20
72 116
115 55
69 37
91 55
114 86
100 58
64 31
51 102
40 17
7 28
75 110
20 67
52 21
117 67
45 89
86 36
81 121
91 69
34 101
44 24
106 20
2 47
93 95
68 10
111 118
37 63
24 99
49 76
119 43
62 84
51 68
39 52
65 6
120 18
26 83
84 52
22 85
18 115
57 85
1 87
122 80
26 23
55 75
18 93
37 79
53 87
23 12
58 7
17 55
24 86
57 28
14 79
32 74
113 88
35 113
52 77
112 120
19 86
114 36
55 27
34 28
34 100
39 91
26 98
65 50
103 122
120 36
120 28
109 109
36 64
18 7
17 6
3 35
91 37
113 65
63 66
92 16
42 50
27 111
68 91
80 47
9 76
83 48
103 68
33 15
8 93
64 67
18 110
21 108
23 53
93 5
119 104
21 80
31 90
67 98
57 23
64 109
98 23
33 121
11 109
55 18
78 119
5 96
105 25
123 47
78 12
51 73
116 114
72 66
123 16
83 57
81 23
85 99
89 117
96 99
22 27
36 100
65 40
115 89
65 34
55 62
46 26
54 81
16 2
23 59
60 25
115 18
47 76
116 12
112 8
30 11
77 66
30 19
105 64
27 89
97 82
27 62
107 80
19 42
82 84
100 18
108 11
78 75
86 70
6 118
48 74
101 77
92 2
17 38
91 33
119 117
95 102
74 33
64 75
117 40
12 101
51 90
95 56
79 101
93 76
13 17
26 33
13 37
77 29
74 44
105 113
81 76
11 74
108 74
25 21
34 36
42 84
45 13
59 44
113 29
119 45
88 64
120 101
20 74
49 93
37 30
2 117
25 13
67 10
6 11
73 39
90 114
42 11
4 21
54 36
49 92
1 56
32 120
33 51
113 82
64 70
111 108
63 13
40 50
65 46
60 14
4 69
48 46
123 94
66 96
6 34
89 16
46 122
110 78
123 93
24 110
77 7
42 37
56 26
82 35
83 85
24 7
50 23
100 35
118 25
68 102
74 77
118 39
75 24
116 117
116 60
103 112
66 65
25 41
90 106
75 92
111 18
98 80
40 117
115 35
62 102
56 12
55 50
50 49
73 85
42 108
21 22
97 86
6 121
3 15
24 121
107 54
15 1
53 98
118 44
52 56
23 107
67 77
77 36
3 26
120 44
54 18
108 27
23 113
67 69
48 10
109 31
106 43
31 36
17 25
122 68
123 21
95 109
18 48
64 63
116 61
106 46
121 11
115 63
43 102
8 90
120 57
79 71
92 15
15 10
31 97
43 91
64 107
30 56
44 55
22 84
65 56
23 28
77 74
37 108
109 34
41 107
24 52
122 38
61 44
52 11
60 95
101 123
78 50
98 41
105 119
44 89
95 66
116 48
59 30
75 88
106 115
71 6
86 112
43 67
75 15
120 11
29 98
10 26
24 108
66 48
23 29
14 117
94 49
42 73
121 36
37 23
28 27
71 33
59 34
19 10
48 16
64 119
33 73
21 56
100 6
24 43
34 80
36 47
5 120
119 46
33 32
68 103
102 59
55 37
92 74
89 29
11 121
22 74
96 41
79 39
83 112
118 119
35 43
35 74
88 110
25 75
9 3
10 64
82 101
57 91
36 65
39 46
105 60
39 120
101 117
36 60
25 30
98 60
72 53
53 79
82 77
31 91
80 40
74 81
61 7
48 96
71 87
62 52
66 100
48 43
94 83
23 38
33 40
97 104
12 26
60 94
23 10
61 102
92 11
59 29
60 27
45 7
113 106
101 55
2 68
18 15
71 83
53 103
42 69
3 54
15 105
67 37
114 47
58 83
100 36
62 75
85 94
100 62
26 102
49 86
36 119
88 88
18 6
34 21
102 91
2 45
4 36
91 61
38 110
96 68
22 78
63 106
48 39
87 116
60 13
78 96
51 85
103 69
91 13
89 112
103 10
34 26
45 44
6 82
31 102
70 95
56 9
121 23
90 84
16 27
16 13
42 67
98 21
12 108
34 20
96 56
72 49
2 37
13 7
118 86
28 107
57 83
115 54
26 82
15 41
28 73
96 69
16 70
89 70
97 42
9 70
18 81
38 19
117 50
68 31
12 96
15 69
98 49
42 123
50 99
83 77
49 56
65 107
45 31
54 19
115 105
8 52
62 88
113 98
15 58
6 69
30 63
57 4
111 99
47 38
74 6
34 42
61 99
26 106
49 122
44 83
103 94
12 42
58 1
16 72
101 64
3 117
54 34
12 100
71 86
105 24
47 86
122 72
111 90
70 31
50 50
44 104
11 101
24 69
93 2
10 30
8 55
23 104
88 35
80 78
40 105
102 86
67 20
78 97
110 67
47 79
36 90
102 46
110 2
115 79
3 44
108 54
98 51
77 106
5 34
60 87
58 38
92 44
58 89
17 87
33 106
85 68
72 106
114 58
107 25
14 30
3 5
11 79
110 58
32 47
64 89
84 33
52 61
121 68
67 73
50 71
18 41
53 51
19 37
118 75
109 105
115 111
109 46
109 96
23 18
62 87
26 65
39 78
46 79
65 112
29 35
60 89
75 32
16 93
44 96
34 79
83 62
44 112
6 15
72 31
80 110
28 2
66 93
33 14
4 12
102 121
44 37
11 31
89 97
4 122
95 6
60 15
117 14
1 42
71 115
116 27
22 20
71 7
112 104
20 35
35 41
33 78
77 86
109 42
59 32
40 31
37 19
88 74
75 8
115 23
49 64
47 40
70 35
63 9
113 97
49 65
52 45
27 80
86 85
111 45
35 67
63 43
60 58
80 12
121 48
75 44
87 64
122 26
72 111
43 120
52 94
41 121
93 46
2 123
90 37
109 73
122 46
50 91
103 14
53 97
101 17
38 99
85 29
86 4
26 57
17 109
54 109
75 55
28 84
11 14
76 9
102 2
20 118
7 122
51 60
15 28
119 95
3 80
1 8
84 26
64 100
54 37
6 48
92 33
9 102
46 84
31 24
86 50
61 92
91 32
71 105
59 66
77 105
23 77
32 106
22 16
2 118
52 7
43 63
40 51
85 5
54 115
72 16
84 9
28 51
83 98
75 62
84 71
86 106
67 117
8 88
9 9
3 104
59 88
43 18
58 4
22 111
118 13
47 78
65 74
48 24
91 123
85 51
70 47
76 14
41 83
21 92
12 66
72 113
30 35
7 7
38 71
118 76
84 41
30 25
34 121
48 1
120 10
99 47
42 59
7 106
28 61
48 19
50 121
53 56
47 91
3 41
86 86
1 115
30 34
32 78
78 71
7 49
57 105
95 18
84 21
123 31
81 91
49 50
8 22
105 54
32 28
15 117
28 63
92 60
60 46
7 66
14 106
90 28
1 93
49 43
123 49
10 92
99 60
113 123
114 64
70 5
100 103
62 4
85 30
106 21
118 33
6 8
15 15
36 58
108 4
101 107
95 30
75 113
90 107
90 102
4 66
1 108
70 85
15 95
25 9
4 73
60 62
88 95
119 115
18 96
18 112
46 13
102 12
54 6
112 100
71 113
84 60
74 98
32 19
27 78
91 86
16 98
57 12
9 74
27 27
62 115
39 40
46 77
2 39
75 73
71 36
52 64
53 3
82 79
81 93
41 96
67 97
27 76
90 97
22 72
88 103
31 54
99 1
29 101
39 24
93 29
59 21
92 111
24 51
67 104
20 27
119 6
1 66
1 10
82 22
81 89
1 112
19 100
112 48
120 70
71 89
18 49
79 52
79 22
75 98
92 114
24 92
56 24
21 57
89 22
22 9
10 41
28 41
8 24
30 121
112 47
46 18
75 1
112 31
66 64
48 34
97 71
45 29
15 65
5 23
86 26
31 15
66 59
98 116
113 34
13 35
94 88
79 82
118 21
65 42
97 38
33 18
109 90
2 113
16 19
65 1
120 40
117 122
6 106
75 19
61 45
106 16
3 20
36 68
61 52
105 13
69 91
102 113
80 90
120 15
29 62
16 68
21 52
109 26
34 60
44 94
104 69
29 27
88 107
94 69
35 118
5 103
13 5
112 52
19 17
33 77
5 113
42 82
50 85
95 73
74 1
99 38
107 112
26 62
27 107
84 31
6 16
78 117
68 97
54 20
93 58
116 18
47 34
99 16
38 113
89 31
113 107
69 17
96 94
121 122
120 81
72 45
97 27
39 84
43 92
103 12
69 15
72 35
48 47
51 6
80 59
36 112
85 24
48 100
38 45
18 77
3 90
122 19
36 37
102 78
9 116
16 81
27 106
47 120
111 3
98 24
35 60
90 82
36 4
4 54
81 6
63 122
24 98
35 45
52 2
45 103
37 60
60 106
43 27
103 73
72 120
16 106
56 106
65 92
109 68
65 109
116 4
107 59
101 61
103 72
51 18
4 31
1 46
118 48
19 11
31 75
36 95
86 64
82 27
50 74
73 76
9 50
57 31
121 38
54 91
56 100
121 99
22 97
41 60
65 59
113 95
53 25
109 58
88 67
4 57
60 76
53 111
2 109
18 42
66 114
53 41
91 93
16 32
110 99
11 51
35 123
22 7
67 7
65 75
116 68
51 95
21 103
82 65
8 99
27 74
9 79
34 19
48 50
51 34
25 104
84 102
24 25
74 50
84 109
117 55
80 57
34 38
122 85
56 25
78 65
103 111
3 70
80 53
34 27
3 57
52 31
66 45
123 70
31 117
1 110
93 77
81 123
35 35
107 57
23 110
4 22
82 70
46 35
96 92
11 67
122 120
112 122
66 62
35 109
48 4
15 20
35 49
97 18
26 39
47 29
61 6
98 106
83 113
117 94
57 116
90 88
114 75
26 68
60 73
71 41
108 5
97 77
79 122
115 46
70 52
94 87
78 53
76 71
23 52
106 32
16 16
106 41
34 74
3 61
78 105
122 94
58 120
92 50
42 38
21 12
1 18
65 120
9 7
48 114
39 64
7 64
24 9
82 28
37 80
9 35
50 67
36 73
99 56
5 100
117 69
75 63
115 33
46 41
97 70
50 122
46 8
87 34
20 68
61 50
31 65
69 24
10 84
25 4
24 59
37 112
100 10
58 69
51 24
76 119
16 92
7 90
23 67
59 53
8 5
119 60
88 20
63 31
79 19
20 98
71 120
43 121
63 38
116 88
120 65
27 55
33 76
64 98
19 123
71 69
5 11
6 67
42 4
86 104
101 76
100 63
74 40
100 66
47 17
50 73
71 2
25 12
100 86
11 90
31 57
67 80
65 108
83 70
88 60
22 108
122 95
67 19
81 113
35 7
106 25
52 50
36 28
56 89
37 6
22 68
25 25
94 1
87 115
28 5
7 94
66 7
3 100
56 108
45 107
78 80
11 10
89 90
15 30
35 18
38 102
42 31
5 55
74 11
90 101
59 16
114 44
22 116
61 18
107 114
27 72
81 84
102 35
102 16
56 63
89 103
38 82
34 4
102 92
19 92
12 40
5 118
102 96
85 86
87 31
34 44
34 55
121 55
114 53
118 79
32 32
81 65
78 59
76 96
71 8
2 90
62 104
112 49
117 109
104 107
81 18
62 32
92 19
97 46
121 92
61 68
19 35
19 21
1 123
44 63
65 29
8 80
90 39
48 83
67 28
109 24
88 48
56 99
109 72
64 106
83 1
93 102
78 31
42 79
30 5
61 94
76 112
93 42
27 18
45 94
88 30
37 96
120 12
71 26
3 12
55 21
107 10
8 1
72 68
94 24
56 107
108 3
44 29
16 8
102 95
103 18
27 94
43 29
105 14
77 60
8 4
4 15
4 75
3 18
98 101
103 87
31 38
94 52
10 117
70 36
87 32
107 111
45 61
66 121
120 117
45 1
8 91
118 10
28 13
31 71
77 88
91 91
17 100
84 6
55 90
37 38
120 2
98 105
42 15
98 6
58 106
97 52
35 44
107 65
35 121
118 111
121 22
104 81
27 35
115 86
111 26
24 85
110 90
52 22
11 36
6 88
76 43
75 81
47 73
102 27
73 48
104 83
31 96
88 14
105 75
82 48
37 33
122 99
87 52
54 13
16 7
98 11
7 22
3 29
91 118
76 72
87 42
40 111
36 121
35 72
73 82
15 115
57 21
43 31
33 102
80 8
112 86
72 114
114 39
108 67
30 105
92 116
66 8
103 101
49 57
93 121
15 27
32 115
47 75
22 123
96 21
7 84
106 121
117 17
36 21
3 109
2 94
101 110
22 1
88 70
100 100
67 115
3 19
26 49
13 90
48 108
110 97
68 92
94 61
28 50
81 30
35 3
112 65
98 119
11 118
95 120
109 97
15 54
66 27
20 33
11 6
17 63
101 45
32 102
104 80
84 12
21 58
8 74
114 80
39 5
53 24
75 72
56 5
120 25
46 14
88 23
101 119
44 14
25 67
94 108
79 34
85 6
108 57
27 98
13 108
22 109
8 16
57 64
64 54
8 109
110 95
51 7
11 95
63 35
38 33
62 36
110 23
41 14
79 111
111 12
95 52
120 103
111 96
86 51
69 93
79 55
108 6
104 38
20 44
115 58
119 53
93 105
75 54
118 31
41 25
42 55
53 39
77 122
52 75
96 36
123 77
73 20
40 107
120 35
36 89
60 110
62 97
60 102
42 21
77 38
21 110
64 74
69 60
115 120
54 87
75 53
83 24
115 122
7 111
77 85
120 56
29 94
80 70
114 33
62 90
5 7
69 119
2 120
95 85
63 86
74 79
73 70
11 107
77 3
29 110
35 56
41 17
65 45
66 54
52 85
108 66
46 91
29 48
79 102
4 72
91 57
55 14
60 45
30 84
122 96
14 82
4 109
86 31
51 8
98 77
100 21
25 110
78 122
44 93
6 103
57 42
36 76
76 66
37 118
81 50
119 4
78 81
34 6
8 32
4 105
28 24
46 95
53 43
93 16
38 112
59 74
64 55
59 20
49 59
113 44
62 67
44 95
115 51
46 39
75 116
105 40
7 34
82 19
93 14
36 7
2 95
80 108
26 15
5 117
73 37
80 54
103 123
50 114
53 44
27 77
30 42
52 122
98 87
6 19
101 85
4 46
20 51
39 12
7 118
66 29
117 11
43 86
1 15
50 27
91 53
103 121
94 31
119 112
37 44
7 15
6 53
23 19
79 29
13 21
58 50
31 20
35 24
21 45
76 123
85 90
73 1
78 110
44 84
1 49
57 103
116 79
121 115
28 54
12 5
23 86
24 120
37 101
23 16
100 27
105 49
27 59
63 78
39 119
101 75
117 18
66 21
82 92
10 118
69 73
95 11
88 114
38 70
82 107
48 37
97 110
34 56
25 11
50 62
2 19
31 70
32 113
38 84
27 26
76 41
37 40
29 113
20 77
69 117
106 102
92 51
52 33
122 82
102 73
114 59
76 18
85 28
101 41
68 9
77 16
92 29
9 118
7 100
45 82
37 76
62 8
108 104
90 7
96 123
65 49
60 26
119 38
109 106
89 62
122 6
35 90
84 83
63 48
85 19
123 66
27 28
46 36
34 62
110 15
44 25
52 72
8 17
15 18
7 19
20 112
66 24
51 109
90 77
13 55
32 89
116 66
106 22
123 69
47 51
18 54
110 28
59 51
115 116
73 77
74 123
62 40
95 27
82 87
12 64
109 12
53 75
62 70
5 49
97 106
19 8
98 50
48 29
100 120
105 50
39 86
90 34
122 61
60 80
67 72
63 95
83 115
46 64
104 93
118 94
4 93
20 52
41 119
91 22
27 54
40 25
24 101
91 6
115 93
41 38
33 21
7 108
18 2
78 21
14 97
12 83
118 99
89 64
30 48
8 106
67 31
3 34
36 118
46 119
32 122
17 81
106 34
2 103
97 15
119 9
111 7
91 25
25 99
8 97
23 15
88 82
43 1
119 27
7 55
108 32
54 25
44 49
33 74
98 123
19 122
18 26
16 40
84 15
49 48
96 12
91 92
63 7
118 112
61 22
63 69
51 116
13 14
41 45
87 58
87 25
99 104
51 114
63 11
5 32
58 21
112 25
32 26
123 18
110 12
74 27
99 37
4 62
85 32
93 25
85 17
99 19
37 61
87 68
5 38
14 60
93 104
54 92
41 40
24 114
109 122
70 112
61 51
90 22
82 102
89 43
119 64
105 32
44 111
100 48
69 33
107 38
13 80
6 96
39 29
86 24
71 75
55 8
3 65
72 4
43 38
47 81
21 71
101 9
32 46
41 16
83 96
15 89
68 54
37 73
120 107
116 26
30 78
106 119
36 3
110 86
76 19
9 36
77 91
99 118
64 56
67 61
82 90
32 36
36 67
61 65
21 43
103 56
43 118
50 38
56 101
73 9
69 123
19 44
37 3
19 103
63 101
113 14
13 25
80 116
9 100
78 111
76 42
118 118
79 87
76 11
65 25
62 10
68 1
96 104
84 108
12 116
121 67
17 77
59 25
96 13
55 91
97 49
86 53
55 38
105 45
48 92
73 90
98 76
117 29
68 114
95 4
110 30
28 82
42 2
50 15
93 55
110 24
12 93
63 36
57 110
5 21
93 120
30 67
72 23
95 59
56 66
62 42
15 9
43 99
53 12
34 22
109 20
88 40
32 27
76 8
57 123
119 100
13 110
42 107
88 97
93 26
58 27
77 21
3 6
70 61
98 34
100 7
104 52
14 37
51 5
62 89
104 74
75 66
101 39
39 113
107 17
59 103
28 111
16 97
51 25
119 96
67 47
55 81
42 7
88 104
94 115
40 29
94 76
10 122
15 31
98 54
15 94
27 81
49 114
46 90
71 5
12 41
39 51
112 9
47 121
50 30
66 108
92 78
97 107
64 27
88 32
60 11
41 100
121 111
71 62
60 103
113 26
20 83
55 85
85 35
31 58
18 121
100 2
24 64
76 84
117 117
103 115
24 3
123 95
107 102
74 16
98 84
55 59
36 99
3 55
20 69
38 96
72 32
89 94
23 112
96 65
3 122
87 119
9 32
31 106
36 5
84 74
9 39
49 54
93 69
123 7
84 114
81 49
85 23
80 100
8 83
99 14
78 33
107 96
111 19
100 114
12 109
29 104
39 121
92 81
48 52
72 48
100 76
71 56
52 78
15 70
11 13
22 33
6 49
67 105
39 122
10 68
102 49
65 70
49 32
121 40
80 97
115 70
72 87
19 98
29 79
23 34
4 9
59 43
110 108
36 94
54 5
46 94
44 45
67 36
42 100
91 1
1 113
35 5
42 13
90 48
123 119
76 79
9 6
20 46
18 86
64 42
27 48
36 122
50 3
123 51
36 77
98 120
89 107
44 8
102 119
6 110
45 8
84 64
54 101
69 97
29 53
16 55
100 94
54 27
96 53
120 51
6 14
47 14
64 18
49 70
120 87
76 93
65 65
67 93
117 2
39 110
38 17
11 4
30 7
14 14
24 63
3 71
75 122
77 71
92 18
12 35
79 97
17 50
13 56
36 105
10 116
41 21
120 114
70 53
4 14
35 6
4 110
4 80
57 15
18 111
92 47
115 47
63 8
96 119
106 9
20 36
44 60
99 40
50 45
13 53
101 47
101 104
76 25
39 8
44 73
81 70
22 106
121 41
20 116
1 70
81 13
42 101
102 20
82 55
44 62
106 2
16 22
52 102
94 26
5 94
29 14
95 49
50 95
38 50
27 79
27 6
18 108
60 61
46 85
106 104
26 34
83 40
102 7
119 49
47 24
63 19
115 32
81 60
108 107
65 2
106 57
48 8
81 74
113 63
89 42
55 4
91 102
40 19
104 29
8 75
44 72
119 55
35 21
32 83
28 112
114 65
51 79
26 25
83 36
46 30
108 85
91 8
34 58
68 41
52 32
33 91
111 80
112 16
111 64
47 101
48 17
100 117
29 7
8 57
11 18
64 87
76 52
3 123
14 51
109 45
51 98
103 38
81 26
59 49
42 35
13 70
51 63
46 105
80 30
68 32
81 115
122 3
114 12
96 20
56 23
37 35
61 37
103 119
85 64
73 3
66 85
116 36
24 38
17 103
67 5
55 67
69 30
107 42
92 40
64 5
117 44
84 97
82 46
80 31
48 65
35 40
101 58
121 37
81 64
41 55
51 80
27 119
109 10
80 77
92 64
1 6
27 4
49 101
59 17
43 94
56 20
71 96
56 71
80 17
2 7
96 28
2 81
81 2
77 49
123 75
119 92
53 55
108 95
25 83
34 15
86 12
25 7
18 120
106 73
83 47
112 57
58 32
51 96
123 103
109 121
36 114
52 103
40 112
94 96
28 76
7 20
28 57
115 27
80 19
53 73
112 119
20 17
36 98
50 88
77 90
3 89
69 74
42 77
104 84
73 30
86 94
47 85
32 100
35 64
80 50
71 50
57 24
120 61
11 59
61 34
62 53
63 41
73 69
55 120
30 86
16 107
26 30
80 26
79 27
75 56
94 53
108 10
113 2
117 1
104 97
77 42
83 19
5 57
58 77
19 73
104 45
102 60
113 100
75 20
116 59
29 25
38 22
2 106
44 5
17 101
81 79
50 104
123 71
41 112
91 90
95 42
109 7
21 14
78 19
84 35
40 85
60 120
46 104
1 105
81 1
60 51
25 102
41 65
10 8
74 24
93 59
73 113
115 24
113 112
66 81
34 2
120 122
25 40
24 106
83 3
76 107
105 116
91 34
44 41
101 13
19 50
45 53
116 34
41 34
26 26
34 102
101 52
112 44
77 115
46 72
98 70
65 66
104 28
26 1
83 88
50 4
17 86
80 101
119 105
3 73
22 103
45 54
23 41
45 112
113 62
58 97
1 73
81 83
80 51
86 96
13 85
116 51
109 39
123 111
11 75
38 76
116 2
64 25
106 122
121 30
79 41
22 37
43 101
87 48
116 99
9 29
26 117
53 34
92 10
110 4
11 50
28 116
48 68
65 4
108 86
83 27
74 99
64 2
118 113
77 18
86 49
52 97
58 81
100 111
7 4
104 98
114 88
21 98
51 103
44 33
68 37
81 97
16 75
86 13
13 92
61 107
65 39
26 113
88 49
87 79
14 107
96 64
6 60
16 73
16 110
123 97
83 59
91 89
71 23
57 51
82 115
22 90
83 28
45 96
55 60
79 60
119 15
1 52
28 83
110 118
18 24
28 66
65 36
70 119
112 30
23 76
13 1
15 109
105 15
80 9
17 110
47 108
6 64
8 33
49 115
112 66
58 58
61 89
42 52
52 99
67 66
4 49
80 4
100 16
113 23
123 118
6 51
71 98
42 102
40 99
65 86
24 26
14 66
122 65
85 108
33 6
64 123
75 64
118 1
34 108
98 118
86 14
94 41
34 78
103 59
86 21
43 47
11 81
17 22
10 81
21 4
64 58
4 97
91 47
35 104
88 111
101 10
88 123
20 31
16 111
68 16
90 120
96 31
123 79
88 47
67 63
43 60
9 21
113 16
20 101
108 83
8 43
70 50
111 57
96 81
28 95
37 115
61 8
84 48
70 57
68 33
11 115
2 38
117 53
80 106
102 111
45 55
69 1
89 6
8 50
53 78
110 61
116 82
116 7
84 110
102 84
12 81
71 94
44 18
24 8
72 92
18 16
49 113
13 31
30 122
112 115
23 115
101 2
75 33
2 65
3 88
82 69
96 73
38 23
30 98
38 78
87 50
29 117
91 40
59 90
56 90
82 78
81 59
122 33
11 123
17 13
88 19
82 103
91 39
2 40
56 83
118 19
9 66
55 20
109 80
79 67
46 76
32 56
75 48
112 39
66 113
61 77
116 83
22 110
21 73
95 76
92 76
108 121
75 107
64 29
63 29
104 94
14 47
105 74
123 52
56 115
54 77
27 116
69 38
112 54
35 63
91 19
47 71
32 51
46 92
86 59
58 67
52 57
118 108
92 48
104 113
105 110
88 13
40 42
60 86
57 27
100 83
100 34
26 28
11 64
55 102
91 72
85 115
48 61
11 43
100 70
5 33
41 13
95 98
93 40
3 23
103 100
12 11
45 97
46 23
65 93
4 118
12 103
55 123
17 95
12 15
66 35
54 110
18 66
40 63
82 85
5 66
97 8
61 28
110 45
44 23
56 56
80 7
81 112
111 120
65 72
5 82
29 109
109 115
70 30
57 45
2 20
28 68
98 15
62 45
107 3
120 31
4 38
96 32
24 55
30 123
119 58
90 66
45 64
80 28
21 18
115 39
66 18
84 105
48 87
20 20
118 85
21 61
61 36
105 42
7 71
107 94
54 63
121 118
123 112
33 109
49 116
36 116
114 56
54 50
26 114
106 66
113 33
57 96
3 30
78 1
24 77
32 99
105 81
97 89
100 9
2 10
108 55
59 10
45 20
81 27
6 113
59 62
85 105
11 39
25 35
10 17
56 21
8 29
38 30
37 65
84 95
117 48
35 117
118 40
106 96
21 67
77 31
25 101
108 102
77 118
38 9
58 88
115 38
102 39
42 95
7 119
78 113
16 18
99 13
92 123
21 109
113 59
38 47
66 38
53 57
4 96
89 89
4 117
15 82
106 31
99 81
86 110
63 20
121 61
19 64
18 114
40 92
41 44
107 6
9 93
86 115
13 111
65 32
68 70
65 123
52 47
68 113
110 5
23 26
16 63
68 40
91 88
95 96
80 27
3 64
58 113
11 119
118 24
2 89
116 20
82 76
34 87
17 91
6 83
64 43
106 108
52 96
96 49
69 35
58 70
111 106
59 23
84 93
29 34
2 61
109 18
87 76
39 34
54 90
15 120
119 3
74 53
116 104
78 51
3 38
92 99
35 119
78 73
30 52
120 96
117 36
19 68
8 54
48 86
43 87
1 77
71 92
51 40
123 85
77 107
49 35
105 88
50 98
85 8
41 10
103 98
71 103
51 61
9 42
46 96
33 104
104 82
121 104
70 83
31 30
92 86
14 114
103 84
13 74
88 34
44 10
108 40
71 88
111 111
17 39
23 74
29 46
77 41
119 18
88 91
90 52
44 53
62 12
21 112
103 5
29 93
12 113
100 108
103 36
66 46
109 14
91 106
123 62
96 9
33 59
61 14
70 81
3 92
5 74
62 59
117 112
5 20
18 4
1 33
55 33
91 115
90 80
49 119
42 110
54 104
48 32
62 94
112 98
40 48
46 44
110 106
90 110
15 21
62 105
55 28
104 3
119 29
41 80
58 95
76 34
16 78
110 55
45 32
19 31
14 28
17 71
92 122
52 23
26 75
69 65
104 109
21 38
80 1
20 2
78 56
93 64
15 49
45 28
40 10
1 40
10 21
84 50
36 39
26 48
102 56
105 117
24 70
64 62
51 82
70 55
77 10
109 66
118 97
37 111
96 72
69 121
39 47
83 39
90 67
101 60
68 46
9 57
100 85
70 82
115 64
98 19
110 11
49 83
123 41
104 86
54 70
29 31
119 57
115 95
18 101
103 11
114 77
72 21
88 120
103 89
77 48
18 25
83 117
122 75
52 27
37 100
108 28
120 115
80 99
121 6
81 52
31 122
117 114
65 122
52 116
68 38
67 24
14 94
51 54
85 117
72 41
12 112
23 43
108 23
14 15
21 7
48 55
42 112
97 13
50 11
104 35
80 65
72 28
17 114
104 39
66 2
15 113
56 57
102 29
112 46
70 39
56 54
65 79
8 21
20 79
91 87
120 62
70 3
37 55
4 52
44 102
28 65
110 120
97 85
93 81
40 100
101 102
99 69
109 57
95 105
118 37
54 107
82 10
38 5
61 2
106 8
66 33
24 96
29 40
100 121
121 17
18 18
38 116
86 23
14 21
113 15
30 70
114 1
18 57
77 84
72 105
1 48
23 121
107 83
15 22
75 21
87 43
121 54
48 54
74 80
68 104
70 6
114 60
49 51
36 2
12 107
107 55
32 49
52 15
79 2
87 46
16 11
19 90
113 80
11 23
59 60
73 95
61 4
78 87
58 29
12 29
87 62
58 85
47 26
115 90
89 26
46 24
85 118
38 66
42 36
72 99
64 4
48 70
65 105
32 48
87 121
116 35
45 14
37 89
85 82
33 90
75 38
25 23
26 103
35 91
58 11
107 50
88 6
42 9
20 42
68 99
8 73
101 83
82 97
72 33
54 97
55 109
9 16
45 25
65 28
74 30
33 35
38 95
77 26
114 84
18 91
86 99
64 34
51 117
7 105
105 30
47 115
85 91
16 69
44 56
85 120
1 75
123 61
42 85
39 6
18 45
30 39
33 55
46 116
89 105
115 77
54 76
117 54
27 36
114 111
41 69
12 79
117 72
43 23
31 118
77 19
116 123
54 1
24 34
32 38
53 85
113 46
58 60
2 91
90 42
40 72
50 82
95 80
120 91
68 35
89 99
115 19
104 105
107 81
69 4
71 108
119 121
120 106
14 67
99 115
3 114
16 29
71 99
14 39
69 82
86 16
110 81
56 16
90 96
41 66
30 54
20 71
69 20
55 79
54 100
112 70
5 102
88 18
18 33
20 23
92 49
64 112
54 68
65 16
53 10
35 27
8 9
3 119
78 7
68 34
118 7
99 6
98 121
72 38
18 100
108 2
116 37
11 70
106 61
78 108
56 32
34 73
117 21
26 31
27 2
36 1
122 27
81 108
100 104
110 38
81 94
39 73
50 93
19 32
30 17
59 86
78 4
33 103
104 112
23 103
16 23
7 35
72 84
6 111
33 98
80 94
6 29
30 107
1 27
91 78
6 114
66 28
36 96
56 102
14 8
76 13
42 51
107 75
106 92
5 116
89 53
123 39
32 93
100 67
48 91
120 118
38 87
16 20
98 63
12 63
94 35
75 45
4 95
31 112
45 123
109 59
26 71
22 80
113 18
89 122
71 20
104 106
57 117
38 64
52 109
45 56
33 113
69 36
114 62
62 14
70 71
55 61
90 79
86 66
37 110
7 58
97 58
58 8
17 10
106 109
97 96
29 37
97 35
82 59
82 57
34 33
36 42
51 44
34 76
29 50
48 118
48 120
31 116
71 44
106 91
116 107
67 95
71 100
47 55
97 20
54 67
20 11
99 110
49 24
26 79
3 86
31 28
96 67
38 1
59 4
55 32
5 28
94 101
15 34
107 34
87 3
20 12
26 46
11 84
33 56
90 64
3 62
7 13
21 87
13 79
10 67
30 14
15 123
35 29
76 61
63 1
89 24
122 15
105 1
119 31
13 16
117 68
14 46
55 86
102 69
74 121
40 56
77 112
5 76
46 109
16 89
100 52
76 33
97 7
119 118
8 11
8 121
56 6
51 119
12 4
79 72
44 32
113 102
40 9
73 115
41 89
122 79
83 116
79 10
53 11
77 109
59 47
24 113
50 51
48 6
80 74
82 61
30 43
121 29
64 120
76 91
119 99
118 62
8 44
109 91
24 18
6 26
78 79
68 24
69 108
104 9
19 78
119 103
5 27
78 16
100 64
107 1
81 32
69 78
30 13
21 99
27 21
44 65
39 62
62 86
119 34
46 114
56 93
17 11
109 117
74 12
37 74
43 105
37 92
91 76
96 3
108 39
93 48
75 29
65 51
114 101
2 114
25 38
114 85
72 6
60 114
8 119
13 42
101 25
89 95
54 66
16 122
96 17
113 41
98 114
118 8
56 2
35 116
35 42
31 48
83 51
115 92
22 45
77 52
83 33
74 8
34 63
91 51
97 5
58 91
71 114
92 105
26 47
66 56
94 68
107 5
36 48
93 33
112 58
41 71
116 14
76 50
104 23
47 28
39 112
56 30
77 68
87 53
119 71
107 27
92 88
35 84
21 30
53 45
80 18
83 118
6 86
89 104
115 69
9 78
41 47
68 67
74 36
31 42
123 108
2 64
108 108
29 64
2 112
101 7
110 109
49 22
97 57
19 14
104 7
15 84
15 59
24 28
32 8
12 104
114 13
62 5
119 91
33 45
32 6
21 51
63 44
57 63
17 18
93 74
101 27
9 2
97 84
52 108
107 86
40 118
42 12
111 75
99 20
83 89
44 99
106 13
93 83
84 55
104 56
61 43
44 92
117 19
111 36
58 20
18 17
108 61
117 47
92 75
25 53
7 48
28 88
55 45
6 55
97 121
59 107
89 36
3 106
95 110
43 7
119 36
53 88
60 37
88 87
1 19
51 49
44 31
19 23
15 107
58 17
89 30
47 9
79 42
44 51
49 74
91 108
114 31
116 41
122 108
88 76
107 13
119 88
14 5
37 103
22 19
42 113
93 9
18 122
29 55
92 71
23 33
106 49
20 103
8 56
82 63
90 23
81 8
13 93
17 30
97 48
110 56
8 6
101 96
61 67
99 123
46 106
98 4
27 45
71 82
15 7
65 22
35 95
77 100
24 84
105 44
56 85
110 74
4 32
79 20
106 42
38 93
67 86
79 8
107 33
10 45
89 39
39 118
113 42
70 88
20 25
28 103
92 12
53 92
86 119
54 84
46 81
37 68
17 46
112 123
39 80
115 28
122 104
115 61
5 19
40 16
73 94
89 2
40 35
73 52
51 97
72 71
31 119
89 114
11 82
4 19
19 85
91 54
95 40
105 69
100 75
85 77
84 58
88 39
28 36
109 102
74 118
76 15
122 53
89 14
17 66
89 102
62 92
105 36
4 99
30 15
102 105
29 44
102 70
96 62
87 30
111 76
10 38
59 123
69 115
27 43
26 99
100 47
80 49
118 106
40 1
120 33
103 6
23 48
84 8
61 29
42 19
122 112
104 67
87 81
114 87
49 80
7 37
69 116
51 101
33 116
25 36
43 5
23 63
115 4
4 40
5 52
55 63
108 45
22 92
70 46
4 112
50 111
116 72
51 27
118 100
68 121
74 114
88 7
58 73
84 17
37 8
118 83
78 45
110 115
21 54
113 79
10 105
106 83
16 71
10 73
63 60
65 89
52 69
25 88
76 73
94 70
32 91
35 61
82 98
35 71
54 80
104 54
65 119
44 117
54 53
115 25
32 116
8 2
12 59
20 94
34 54
84 7
10 32
32 114
29 6
112 23
7 29
81 38
21 89
83 45
104 24
64 57
40 104
29 69
30 38
5 61
21 83
64 84
48 66
5 95
39 20
84 36
87 66
79 45
86 108
15 42
72 17
110 92
19 93
95 67
35 19
81 71
47 119
90 50
74 96
123 82
98 32
116 120
66 110
80 41
102 71
104 68
110 113
118 60
20 57
8 76
34 118
2 34
53 68
20 122
82 62
10 104
9 113
103 85
98 107
114 32
65 11
89 25
100 38
11 21
114 63
8 10
105 79
60 118
86 69
15 80
32 17
16 120
84 63
12 60
20 22
5 8
19 109
87 47
91 66
54 111
27 37
79 84
36 31
89 67
86 118
111 105
59 111
110 17
47 64
24 112
33 33
56 81
50 19
118 80
123 96
110 34
79 25
86 46
68 61
67 54
94 43
44 46
88 68
77 40
100 95
82 32
52 8
93 89
8 13
104 37
46 59
25 49
102 65
72 115
27 115
81 34
102 77
73 78
48 31
82 122
107 9
11 88
45 99
66 26
26 90
74 94
101 95
78 92
87 24
83 44
58 105
120 7
81 88
106 82
7 10
90 60
17 54
36 82
79 61
92 72
74 69
44 71
37 50
95 39
93 72
20 9
96 78
6 122
36 12
72 24
99 27
7 116
3 81
71 17
15 85
33 38
36 51
108 42
108 44
122 83
14 120
16 59
120 119
24 67
13 81
107 104
31 82
22 122
97 6
123 105
11 66
92 23
66 83
63 121
72 37
21 16
64 121
111 9
41 78
40 52
100 25
11 73
116 116
87 23
81 54
64 22
13 82
17 111
86 57
108 84
70 38
76 63
31 108
47 59
37 10
2 93
24 100
23 118
12 36
76 98
5 29
69 112
116 21
11 68
19 52
101 20
22 56
102 88
82 6
79 77
104 22
51 33
17 44
6 9
64 16
119 109
99 91
77 117
20 97
57 84
48 104
78 6
110 77
18 46
79 96
32 4
104 15
1 117
30 6
94 86
89 123
114 105
104 51
39 26
4 90
33 47
25 14
13 120
89 78
34 69
51 30
118 121
90 76
66 123
65 14
56 111
103 8
35 105
26 78
10 11
20 43
122 69
30 92
19 67
9 108
62 74
27 3
87 2
9 67
10 35
64 66
121 49
96 7
102 116
93 101
61 122
69 122
65 78
71 53
48 78
110 116
60 50
58 107
1 55
75 96
74 112
115 62
59 93
66 68
84 40
110 66
65 96
58 45
23 35
28 23
10 102
38 114
75 46
34 98
87 20
73 22
33 93
71 18
17 41
82 117
85 104
54 83
114 5
30 1
121 9
59 57
92 17
5 85
122 101
106 12
10 119
63 109
11 57
33 86
7 74
2 100
14 111
97 44
52 49
6 58
44 87
47 43
6 92
21 29
21 111
76 5
44 98
53 101
70 89
82 68
27 87
116 70
50 61
31 17
23 36
28 43
107 49
73 103
96 117
77 15
14 81
59 8
90 5
115 42
8 62
84 30
72 1
79 65
103 51
58 56
66 71
13 76
56 114
83 66
38 98
77 73
60 8
100 91
75 27
56 45
66 47
88 21
111 67
115 88
78 98
52 54
88 12
29 115
42 14
98 117
40 3
71 15
91 56
61 55
120 92
122 111
87 54
69 22
110 18
13 24
25 97
80 43
45 81
13 33
67 52
39 100
30 44
108 48
120 14
108 52
25 79
95 35
117 59
71 47
121 57
99 122
84 57
18 70
102 47
33 81
22 60
48 18
69 72
48 93
27 19
47 63
28 67
5 26
43 103
24 46
116 57
7 25
57 71
85 25
88 77
20 76
69 67
5 12
7 30
118 30
76 74
113 111
50 39
12 27
109 16
94 116
13 113
68 81
99 33
95 23
87 49
23 55
31 10
28 37
83 65
15 19
58 119
11 86
13 66
24 111
18 118
44 75
36 74
5 106
30 87
41 105
78 25
89 55
20 99
17 74
81 40
41 98
78 93
122 121
114 91
59 63
122 14
6 76
38 94
7 101
51 110
81 111
40 81
70 123
55 24
92 96
64 99
49 97
66 107
37 120
52 35
30 91
71 79
64 38
89 21
25 48
21 95
48 119
118 59
91 59
34 17
32 20
43 111
16 94
65 68
28 94
78 18
119 113
103 4
53 47
52 117
18 19
112 56
120 79
15 108
96 108
115 99
34 111
114 104
97 120
95 100
50 18
75 85
46 102
110 26
18 117
81 9
17 60
100 116
37 71
76 104
57 108
112 7
72 29
120 58
83 73
19 83
1 79
20 14
111 119
49 68
109 60
27 104
88 44
53 76
50 44
105 78
112 21
12 87
79 107
97 80
74 61
37 59
40 122
123 11
80 24
74 9
33 30
115 49
29 97
66 34
101 22
13 60
101 111
98 62
24 17
40 79
54 3
54 51
76 46
19 104
56 41
25 68
100 28
15 14
73 6
85 76
35 102
80 89
29 75
54 48
118 45
113 99
89 28
96 103
60 34
35 20
108 81
72 89
122 109
10 78
4 42
113 25
114 73
26 53
12 6
31 72
82 58
1 109
69 7
116 118
64 39
61 41
18 35
87 105
110 47
9 111
24 10
96 82
29 41
89 57
3 9
53 23
20 102
20 115
60 92
112 107
80 34
115 30
16 84
40 75
81 99
18 36
66 37
14 6
29 73
2 42
68 71
66 60
21 1
118 3
115 11
111 116
20 113
76 116
55 104
90 122
58 34
76 121
14 71
123 5
120 30
44 120
70 63
29 23
98 42
35 87
99 89
110 65
17 108
25 47
3 24
94 3
4 24
89 74
117 123
80 92
76 59
66 13
86 56
25 111
72 107
2 67
22 81
113 30
74 26
16 33
45 21
56 69
8 77
15 61
69 6
88 113
72 122
111 53
79 9
53 112
81 3
76 94
109 92
3 87
49 47
107 105
35 34
58 49
36 46
99 23
98 55
43 32
29 99
61 25
69 90
116 71
22 71
39 2
23 123
58 121
66 32
95 17
101 57
91 49
33 72
73 21
38 65
12 10
119 119
89 34
40 54
46 62
96 23
97 74
51 108
43 3
23 13
82 29
11 120
73 63
61 104
97 19
69 101
105 12
113 1
45 46
74 35
73 89
112 113
87 5
8 115
104 60
31 5
71 64
5 36
117 92
1 119
100 17
41 103
16 5
39 19
119 62
121 70
67 112
10 114
29 61
44 44
13 36
70 97
71 59
23 66
120 64
12 106
97 118
110 19
18 27
87 91
114 8
12 47
86 81
86 40
25 33
98 90
18 14
30 30
93 13
75 79
31 13
106 117
102 112
84 92
39 15
96 77
21 101
36 88
53 53
67 84
99 63
84 112
67 25
61 112
1 64
79 58
83 94
54 103
71 90
110 43
19 40
112 5
123 88
48 49
74 28
112 90
13 71
103 67
