118 3404
64 42 20
10 78 57
88 25 15
45 118 3
82 74 55
7 64 49
107 101 79
82 101 59
10 18 67
102 26 69
86 93 5
27 102 72
41 72 87
27 2 85
14 83 88
96 89 94
1 78 73
115 45 99
60 59 73
111 46 10
87 13 98
105 43 24
85 83 15
94 113 13
97 8 42
60 103 26
90 108 85
102 108 30
96 49 93
108 46 18
31 14 26
50 4 37
49 89 6
8 64 44
87 46 52
12 109 84
29 80 89
10 63 44
39 45 4
8 34 39
26 69 15
57 118 36
17 52 76
59 64 19
99 32 49
29 47 56
66 75 32
95 88 49
110 8 5
64 19 71
58 45 57
74 105 62
90 3 6
79 65 3
14 46 62
2 78 28
94 25 21
34 2 28
41 115 72
91 60 51
61 4 76
99 77 73
23 52 82
116 13 3
40 30 77
113 31 60
118 6 34
79 44 85
14 84 58
75 60 54
40 3 14
53 105 47
52 9 90
58 10 18
11 53 49
8 51 29
83 50 18
69 11 40
59 28 47
46 102 41
97 27 89
36 79 51
56 17 82
10 74 90
93 88 75
92 96 98
2 64 85
40 18 56
7 81 38
57 12 99
53 112 91
50 30 89
38 89 62
35 98 93
45 77 82
111 54 6
106 55 25
37 99 66
99 105 19
71 44 36
27 100 74
13 35 47
81 73 94
52 111 8
96 41 6
113 33 31
108 25 17
52 65 77
13 45 50
59 116 80
2 28 7
52 44 21
72 61 34
109 42 4
109 37 56
43 26 84
36 77 75
13 93 81
95 37 39
101 38 48
97 90 95
5 107 72
103 64 38
83 54 85
103 48 96
41 91 74
4 12 45
34 29 69
113 5 64
71 109 67
56 87 53
92 91 63
16 79 91
4 43 49
37 27 35
103 72 84
79 79 8
18 112 84
53 107 62
6 63 18
1 1 60
51 111 32
76 118 60
41 37 97
53 25 99
41 103 48
44 6 17
76 58 85
111 68 92
19 72 84
14 47 56
103 101 78
30 59 86
8 103 68
13 41 15
92 85 6
10 10 79
47 85 5
72 78 45
19 113 23
88 97 70
100 20 65
87 36 91
98 10 66
98 23 95
103 69 58
55 26 18
75 70 91
52 88 38
75 57 66
80 96 3
30 77 11
85 50 83
63 33 23
6 12 73
81 118 49
9 59 35
13 15 25
117 66 3
98 22 20
61 101 56
36 16 95
34 101 3
68 45 93
115 54 73
66 21 15
85 29 26
15 45 49
19 44 55
106 27 62
21 91 45
28 8 97
1 45 90
23 117 11
81 113 27
29 61 27
103 31 73
116 46 79
26 64 37
118 55 85
118 75 86
104 106 42
105 110 61
93 14 28
6 95 62
95 9 36
86 115 95
105 113 74
55 20 97
47 23 67
66 26 98
60 15 51
66 2 12
116 98 90
46 103 73
88 80 33
77 47 83
96 38 51
42 92 81
8 89 59
35 35 11
54 100 82
65 97 64
93 28 67
101 1 15
3 77 31
20 54 91
35 99 73
69 39 12
12 46 90
102 85 95
84 24 70
72 92 71
42 70 26
27 59 22
108 78 88
111 117 72
88 71 68
88 86 45
58 69 96
67 35 75
60 110 87
36 33 27
38 30 60
41 56 22
7 49 92
30 42 22
33 15 88
75 102 23
49 45 79
106 115 74
73 57 83
14 92 75
24 15 12
89 60 5
95 66 88
68 99 49
76 88 29
85 18 47
45 9 10
42 82 83
31 95 40
56 118 5
110 92 74
101 68 68
27 17 74
116 55 63
101 17 99
73 101 29
86 31 47
99 73 28
54 103 56
100 44 60
46 35 1
4 48 41
59 45 50
105 71 45
52 55 62
85 108 89
97 89 99
109 17 2
94 68 1
32 75 79
105 15 84
5 22 76
38 69 81
54 55 45
105 111 72
109 81 48
102 59 10
19 53 60
61 60 14
80 50 56
29 54 60
6 92 27
4 17 63
95 12 7
62 113 67
117 17 99
74 109 6
102 55 83
86 20 69
93 49 13
4 54 29
105 21 64
24 28 69
62 5 1
61 66 48
5 68 11
2 23 93
26 10 88
113 95 78
13 74 44
85 77 60
16 63 10
96 90 35
74 37 7
67 98 72
58 106 41
65 107 70
67 18 34
86 25 55
96 113 26
41 11 82
10 106 3
10 65 45
15 17 21
92 74 90
115 20 53
49 87 14
107 96 53
27 63 41
20 44 85
97 84 14
118 97 91
110 110 85
25 6 95
41 102 67
45 98 10
41 28 15
50 20 69
75 46 51
10 69 2
58 47 78
1 46 92
50 42 74
48 70 32
67 115 36
36 41 26
33 81 71
2 16 8
19 47 93
43 52 53
49 101 4
47 34 93
50 100 38
40 22 31
9 54 19
13 56 16
33 7 75
103 85 32
77 80 39
6 8 34
1 61 98
117 100 94
38 112 29
38 7 19
62 43 27
62 27 9
52 35 57
92 114 57
65 76 94
24 82 44
16 86 33
108 84 98
107 3 62
42 45 95
35 110 6
35 54 66
5 105 5
82 82 16
71 28 50
111 70 88
20 64 20
32 52 38
42 93 54
58 14 85
3 48 6
96 53 44
109 16 76
118 90 13
92 2 91
29 112 45
51 17 70
42 48 63
40 90 50
82 33 48
116 35 81
88 16 61
47 7 40
90 10 77
43 101 64
19 61 48
48 106 73
15 28 81
74 113 67
32 114 31
37 84 40
99 16 95
57 109 12
44 94 81
90 112 34
38 42 9
34 56 46
4 15 99
11 50 51
53 90 6
110 70 7
55 13 31
13 7 85
71 51 65
21 26 13
31 64 94
36 97 76
69 104 2
96 115 20
4 49 8
114 44 30
11 114 63
57 66 14
73 86 15
83 2 11
20 37 77
16 105 95
30 86 29
89 90 12
10 89 79
118 98 27
6 113 63
18 55 28
81 9 99
55 96 10
92 115 65
115 17 13
6 21 32
62 30 55
44 29 29
8 38 82
86 55 1
110 21 49
106 79 37
102 52 58
41 53 28
36 62 93
6 9 90
64 56 50
105 64 94
31 35 86
6 30 39
112 21 62
73 5 68
39 21 32
16 65 48
47 104 45
94 109 33
60 54 89
54 45 39
85 75 44
57 84 35
45 78 6
115 32 67
5 70 82
65 90 62
62 18 61
3 116 7
74 57 53
44 81 16
39 19 13
68 67 68
114 68 17
49 72 15
9 22 53
34 84 55
48 86 13
48 45 18
106 12 15
94 55 4
38 98 63
70 47 34
56 46 74
82 99 54
60 111 98
8 26 58
100 77 76
71 7 81
103 116 66
12 96 67
6 19 29
23 88 81
110 30 32
28 111 46
21 52 99
36 64 60
16 49 84
85 2 78
80 108 96
91 1 61
38 11 91
86 33 97
62 24 48
92 55 55
19 8 28
9 93 5
12 30 88
110 38 17
81 104 38
81 77 48
82 65 98
16 51 88
17 69 73
66 81 28
3 94 33
46 109 52
94 99 52
34 91 61
10 57 55
13 20 69
74 101 44
88 2 78
97 18 34
114 87 95
109 89 36
48 21 55
20 114 10
58 34 92
20 47 1
85 64 80
86 110 46
110 89 15
87 84 11
31 79 44
73 12 91
101 31 43
113 88 10
102 112 6
33 78 67
101 76 40
37 44 26
92 39 10
46 11 62
94 46 12
109 118 90
34 100 46
73 98 33
26 85 9
30 117 26
97 99 55
65 17 35
24 112 46
75 43 18
95 19 48
76 9 70
71 47 37
97 1 60
100 30 27
96 60 41
51 38 78
86 106 22
50 15 15
48 93 71
65 70 1
4 27 44
106 83 91
13 64 44
5 45 59
3 96 97
99 67 1
98 117 93
91 50 83
12 114 31
65 118 46
16 64 17
10 51 92
34 72 48
6 74 60
21 38 70
36 14 47
30 25 35
89 93 81
64 108 58
22 3 1
66 10 63
59 47 75
97 57 75
112 76 41
45 17 42
64 47 64
75 21 55
88 89 57
51 114 64
64 65 65
51 106 37
39 103 61
76 64 74
37 113 71
12 18 88
42 105 16
22 12 46
53 62 65
22 100 31
91 101 34
19 115 91
110 12 30
108 2 36
80 72 63
43 113 14
74 20 46
114 73 35
18 94 55
29 42 46
108 18 98
62 40 52
78 36 72
18 109 23
92 37 73
29 111 27
100 106 87
117 9 89
116 42 94
61 31 74
42 52 5
102 49 69
46 70 73
61 43 44
78 76 93
115 61 64
105 59 21
71 60 94
82 6 13
115 2 8
69 43 69
62 26 28
83 72 17
95 18 1
25 96 87
69 92 26
104 78 46
29 31 7
118 116 47
114 112 69
92 66 23
3 13 78
84 96 41
113 76 35
70 104 32
106 54 54
80 43 89
116 71 28
98 70 57
86 70 57
74 47 25
109 54 66
51 19 45
64 17 37
98 86 83
106 73 75
94 38 76
42 36 7
4 104 42
99 64 63
31 54 93
13 36 30
113 27 22
34 3 73
115 44 27
35 72 88
28 75 7
94 59 45
22 65 34
56 93 57
110 87 39
5 7 1
59 7 27
30 41 46
23 72 13
116 51 83
40 25 83
21 46 77
21 74 12
87 66 70
61 74 59
41 14 52
68 47 55
49 69 22
103 71 95
106 114 36
79 21 35
116 15 52
118 36 55
91 8 72
36 72 27
109 116 87
66 65 80
68 113 94
28 102 35
42 89 44
80 53 49
45 50 87
28 49 54
84 25 1
92 64 69
58 54 56
38 2 85
71 73 7
55 104 25
109 31 26
45 110 92
92 63 56
101 33 69
117 6 11
90 67 39
56 108 3
91 61 56
6 115 25
26 110 97
16 40 12
58 43 97
35 17 13
60 117 7
118 2 52
118 91 75
53 33 63
115 5 92
13 14 61
56 54 48
84 115 61
41 94 77
81 94 35
16 97 59
18 31 3
5 31 51
60 43 9
111 66 99
36 3 49
17 118 96
47 41 49
84 7 72
117 27 78
9 44 4
51 52 50
101 111 72
33 24 8
77 27 26
3 47 43
77 98 72
13 63 20
41 65 32
48 74 82
45 111 82
48 38 80
116 75 28
72 37 71
117 40 69
43 116 44
14 10 70
113 55 81
2 102 33
52 75 27
35 5 13
14 52 96
95 53 78
78 6 5
95 8 23
41 51 33
83 68 76
74 66 29
11 71 66
25 4 92
44 42 56
60 55 27
8 113 65
57 93 63
28 19 30
118 102 37
103 61 2
25 75 55
47 99 77
34 28 4
26 91 16
73 89 92
54 96 60
49 39 83
48 66 37
110 57 25
97 14 41
12 47 48
95 72 44
113 26 19
48 84 56
99 14 51
7 65 31
51 51 26
86 42 8
63 111 5
114 93 83
35 105 34
101 81 10
26 79 35
40 9 5
35 107 79
72 113 23
56 49 64
112 16 38
106 82 46
63 77 42
33 115 3
54 102 31
32 13 43
35 56 30
8 90 49
112 43 83
44 102 67
27 95 63
58 83 93
82 27 66
81 64 20
69 117 99
61 68 89
17 68 42
49 116 37
16 28 76
116 85 67
65 53 12
91 15 93
118 87 43
13 114 69
35 60 5
117 43 57
52 64 99
33 116 58
62 14 45
89 79 56
25 55 68
28 58 83
29 71 36
67 109 62
55 107 93
18 77 90
35 78 4
78 21 75
88 114 3
36 20 45
2 48 23
55 80 33
107 29 28
100 83 91
22 85 99
7 106 86
112 22 92
115 100 91
13 73 49
108 113 74
29 114 63
7 54 52
56 42 13
99 24 46
12 49 9
2 53 74
117 49 26
20 61 98
32 54 45
71 86 31
40 93 40
88 34 8
50 18 90
98 29 81
116 2 54
3 7 96
30 5 14
42 28 77
13 59 90
91 16 95
55 55 12
69 24 74
10 77 5
92 56 99
108 53 51
66 55 49
75 89 80
15 16 38
19 32 66
80 9 41
109 63 23
112 13 61
34 22 68
91 117 87
63 107 23
35 58 74
18 14 13
6 32 63
25 54 26
102 16 42
81 6 42
113 118 67
55 37 19
68 10 90
33 106 76
98 6 39
23 15 63
82 39 22
54 26 5
34 106 7
76 105 38
17 41 70
98 112 9
20 49 46
30 32 40
61 55 15
2 22 4
1 75 74
14 112 65
37 69 97
63 90 31
8 73 31
83 17 84
108 40 13
6 69 87
27 15 22
66 17 78
25 21 80
13 34 71
107 75 91
69 23 7
75 34 34
75 117 61
94 110 46
47 115 62
31 27 48
19 2 35
43 14 60
63 7 46
34 79 30
94 36 85
32 93 73
109 21 2
22 51 36
68 6 92
11 29 74
97 75 51
102 19 90
63 53 87
50 32 69
75 30 65
98 61 59
116 56 61
12 77 58
52 26 71
69 41 77
87 19 57
9 2 81
54 68 42
56 3 45
101 78 17
23 61 22
41 59 1
46 8 7
26 76 45
38 49 60
6 57 12
118 110 43
47 52 86
56 62 92
9 111 10
105 18 33
10 55 33
54 64 64
104 63 12
102 109 61
71 8 36
100 69 85
114 14 90
45 4 73
114 71 53
115 56 85
107 43 47
40 32 80
6 102 4
37 87 33
54 41 69
18 36 25
88 81 4
61 22 52
92 17 25
68 13 34
110 5 22
25 44 71
67 54 6
116 90 87
1 29 6
9 46 52
34 15 33
70 79 79
1 56 28
10 5 38
74 118 19
67 29 35
90 95 62
101 96 37
85 96 44
104 108 64
45 23 85
70 92 82
2 97 61
65 106 74
30 66 5
117 18 2
16 107 41
86 94 24
9 60 84
82 49 87
78 98 57
70 55 57
103 5 60
26 34 41
67 36 17
70 23 72
99 36 44
110 117 77
13 58 13
12 14 23
87 28 16
7 98 56
116 73 98
24 58 95
23 39 65
29 55 85
94 35 88
16 45 30
92 113 7
108 111 56
29 20 4
103 19 31
96 73 44
69 19 95
89 14 67
92 109 81
98 99 41
58 9 20
23 55 35
17 32 71
62 106 78
58 60 76
109 96 93
16 73 80
40 56 33
56 113 49
35 97 11
79 60 17
102 116 63
14 17 21
34 61 48
52 93 77
62 10 14
8 32 30
107 110 70
80 66 17
112 40 61
32 23 47
56 36 39
29 70 19
62 108 27
93 41 77
75 106 32
40 113 25
3 105 25
21 70 10
46 63 56
78 99 6
111 36 49
42 15 85
39 111 60
15 68 6
15 113 18
25 15 81
105 61 38
106 24 62
82 67 21
100 112 21
111 37 14
48 51 75
90 49 18
12 63 72
39 88 5
65 65 15
98 79 96
47 43 17
68 28 95
22 76 75
7 48 83
102 63 8
73 105 72
66 7 84
2 76 2
83 55 26
66 101 5
115 55 3
43 44 4
8 69 63
22 75 89
85 58 6
13 86 98
16 54 34
102 1 73
112 1 36
36 48 43
97 59 6
6 84 96
76 55 31
99 33 82
104 109 51
1 7 70
92 27 52
4 14 90
21 8 99
96 43 76
46 31 59
74 110 23
41 90 67
27 79 66
94 84 99
18 57 67
109 64 94
91 89 86
103 44 62
81 93 12
17 93 65
46 2 5
69 99 52
99 116 4
1 83 87
85 38 25
98 26 45
17 106 55
88 11 46
36 27 50
81 27 86
48 11 39
76 56 52
53 60 19
118 30 35
16 9 78
76 29 17
114 2 7
82 38 72
28 1 78
90 81 88
21 11 4
64 90 85
102 24 29
108 27 20
33 42 96
51 2 4
8 87 20
113 115 32
61 90 50
36 110 21
21 59 50
69 46 27
80 71 10
111 62 82
118 5 38
106 3 17
94 64 89
49 99 46
14 5 21
72 77 67
35 20 2
28 99 56
104 30 77
32 29 63
62 117 82
48 48 81
30 61 38
70 15 37
47 81 60
10 25 98
37 14 42
116 39 82
97 91 9
58 2 55
31 71 72
76 111 86
26 44 32
100 93 35
32 33 80
92 99 73
11 42 66
110 33 30
46 62 65
62 21 61
106 2 27
45 34 36
37 34 52
1 21 13
12 117 2
109 9 93
93 3 28
29 117 41
80 48 31
59 110 59
101 32 63
29 68 69
76 72 95
11 84 27
48 78 67
47 89 10
118 50 67
14 113 73
48 85 50
84 71 31
39 99 95
31 60 40
62 7 28
115 68 96
24 67 18
103 80 39
108 101 81
77 25 62
110 56 11
100 107 41
55 50 48
91 17 29
62 17 5
7 40 20
5 29 1
112 83 9
74 76 64
9 34 73
89 15 89
9 73 4
1 110 89
96 7 2
24 118 42
86 77 11
12 69 40
86 52 98
8 117 23
71 118 9
32 15 73
41 114 33
77 23 25
41 1 39
45 81 3
79 48 67
12 8 73
18 20 70
72 90 83
3 8 18
54 48 90
111 10 2
49 88 61
72 14 29
45 62 35
99 22 49
86 34 62
67 8 70
1 14 28
7 60 63
50 66 56
58 94 14
31 65 17
16 82 57
19 35 55
102 106 19
21 116 86
68 92 42
87 23 52
6 41 53
104 98 43
105 11 90
26 26 69
63 50 89
78 3 13
92 89 81
52 94 23
12 79 67
64 70 68
63 99 83
29 102 91
33 95 59
75 87 12
101 35 44
9 90 17
35 27 88
84 50 67
50 82 70
13 70 13
105 56 89
13 69 25
46 77 59
23 97 38
96 93 46
88 29 22
68 96 43
24 109 5
66 99 62
29 115 97
108 42 28
3 117 18
117 86 66
104 68 41
22 41 26
21 108 8
19 13 46
90 83 50
99 115 66
58 105 8
97 30 92
14 32 10
27 34 17
54 19 68
55 44 29
84 64 65
107 62 22
95 42 38
80 104 64
115 82 61
11 8 30
104 61 11
116 84 98
74 68 65
110 32 53
50 116 32
93 112 24
52 114 55
43 6 43
89 24 76
11 98 21
26 32 4
98 24 70
97 73 89
86 51 66
38 103 90
89 31 73
33 105 28
44 78 84
19 92 76
65 117 92
62 82 89
74 49 72
82 90 55
86 60 8
94 97 59
101 16 18
9 63 45
62 85 39
98 31 66
47 78 84
20 22 51
72 99 94
53 66 38
26 33 34
29 13 27
22 113 65
4 7 67
62 72 9
98 51 10
17 98 69
22 74 66
58 38 17
10 71 25
57 92 3
18 43 24
118 26 21
16 46 58
110 85 85
111 106 91
96 44 49
29 105 9
112 118 78
89 57 13
68 62 31
108 86 84
98 106 23
75 101 73
54 94 86
110 75 56
65 103 20
57 96 6
64 73 14
12 62 25
107 45 31
12 1 98
1 58 86
99 54 60
9 118 71
27 60 36
44 64 76
118 111 98
21 61 74
10 72 24
85 65 71
33 76 68
105 60 61
89 68 98
54 98 16
4 24 94
23 27 43
66 47 92
63 60 17
3 27 98
110 63 59
104 26 69
20 40 8
76 43 71
73 70 89
2 79 58
13 85 44
109 106 11
45 41 77
31 116 70
39 74 86
74 25 26
8 15 52
35 10 86
77 53 42
105 101 7
55 17 97
52 56 3
117 15 66
89 58 76
20 10 51
40 17 84
22 29 31
69 67 61
48 16 75
11 7 96
70 6 92
36 98 55
31 117 45
71 43 2
4 64 58
79 19 47
45 7 72
67 59 71
100 102 83
50 88 47
92 118 30
23 86 51
85 113 80
22 94 18
79 46 70
32 95 98
77 68 84
11 96 73
101 80 45
27 54 34
84 76 98
34 65 29
42 31 96
100 16 99
116 47 20
102 10 34
91 20 88
32 7 82
50 33 72
110 2 5
24 36 52
89 77 82
38 99 14
80 85 29
50 86 76
118 73 2
21 45 36
20 76 85
106 8 93
9 3 14
106 26 2
31 118 9
108 37 17
4 117 40
38 52 48
4 51 39
97 71 94
91 94 87
100 81 59
22 90 43
64 77 41
23 112 73
63 101 42
91 109 63
85 32 39
84 13 35
85 88 86
18 110 39
71 55 38
36 82 32
1 30 5
2 2 70
9 86 51
63 17 27
53 101 94
35 1 1
42 18 16
23 92 47
81 10 96
60 19 85
44 89 2
30 23 90
29 21 35
20 56 24
98 97 12
50 1 44
64 86 56
41 107 24
58 33 7
36 80 21
38 109 15
19 23 23
37 42 20
52 22 87
91 75 65
104 20 87
12 64 87
47 110 67
104 49 97
69 88 26
4 11 82
83 29 59
105 7 43
10 97 67
33 87 61
55 16 24
11 85 28
46 88 29
76 57 14
10 3 19
103 111 65
100 2 63
66 85 4
100 25 68
4 85 91
73 42 85
105 40 34
82 76 36
91 107 47
80 59 11
98 40 95
10 113 34
102 67 92
13 5 28
45 109 85
73 35 8
84 62 55
74 42 34
89 55 63
25 69 63
106 112 35
26 70 78
87 62 80
106 6 89
114 89 1
65 45 17
56 19 2
38 44 47
61 78 70
112 69 24
82 54 51
28 53 33
40 118 59
81 92 22
20 109 80
76 45 93
17 84 58
27 80 96
62 79 67
95 95 56
99 58 39
24 81 62
41 99 96
21 60 22
69 76 73
93 102 28
65 86 63
95 29 71
22 8 9
43 106 55
41 15 34
29 59 82
73 79 72
47 33 25
104 8 75
4 76 20
76 52 9
105 114 75
22 17 75
34 63 37
111 107 75
29 18 74
13 22 23
52 7 22
71 14 21
62 93 80
17 105 34
74 24 32
62 49 88
68 100 5
34 116 65
36 50 41
46 6 57
13 71 77
35 37 69
57 53 80
96 8 21
83 11 40
27 98 81
33 25 28
57 41 58
55 79 74
21 18 55
92 117 69
68 81 57
68 20 87
116 78 40
31 108 32
62 16 91
28 52 36
118 108 85
46 48 23
103 66 84
103 67 82
105 45 45
56 72 12
40 75 40
56 50 35
59 109 98
21 82 27
91 95 63
36 81 10
114 23 43
65 57 80
75 112 45
9 57 79
62 88 36
67 108 3
19 84 15
68 1 10
47 118 73
102 7 42
113 18 98
15 82 66
55 39 58
26 51 55
53 64 97
78 83 7
44 83 59
34 66 58
19 78 24
18 18 69
70 38 59
91 90 2
80 62 78
68 95 98
63 57 78
62 100 36
88 117 34
17 8 67
47 87 97
112 107 5
6 67 19
104 14 37
97 101 15
22 28 9
41 61 58
41 10 74
111 59 91
31 62 60
97 47 9
35 29 39
90 50 5
102 38 58
5 117 38
104 43 92
51 81 78
31 10 26
83 103 27
39 86 95
34 7 12
104 5 33
108 117 74
18 35 47
110 4 44
13 39 99
69 3 23
57 45 26
83 83 64
76 50 95
67 39 34
101 57 50
91 63 24
118 59 65
3 71 68
19 21 72
19 82 79
92 3 77
85 69 6
83 56 22
33 111 63
98 83 12
80 82 50
73 88 67
108 106 90
27 11 41
112 5 20
28 63 14
55 31 96
31 43 41
108 8 21
95 99 65
56 96 66
61 25 39
77 57 78
43 111 18
85 43 82
66 32 65
14 42 21
50 21 15
78 115 17
39 3 33
63 79 72
36 74 22
105 4 80
77 58 69
28 17 37
34 60 72
2 77 42
10 45 1
68 35 50
49 112 19
60 28 97
3 66 38
66 16 40
89 56 79
4 62 74
110 48 28
19 58 23
36 7 23
60 60 46
24 117 7
3 62 20
22 103 76
15 110 89
87 101 9
108 1 50
55 40 28
40 100 19
19 5 95
1 11 28
11 18 52
66 113 96
106 13 95
88 103 76
87 32 87
67 72 68
105 94 96
28 94 53
13 105 32
61 80 72
5 28 11
103 106 92
14 106 39
43 74 82
116 26 45
110 44 75
65 56 64
40 2 33
106 11 34
52 70 43
79 71 56
3 118 15
76 1 51
103 53 84
104 48 8
85 112 46
103 21 58
66 73 65
44 86 64
13 50 33
87 52 9
2 10 74
61 112 96
18 101 73
23 68 54
87 9 68
34 115 87
114 63 19
31 110 86
5 8 84
106 95 56
41 42 56
93 53 15
43 91 44
14 90 37
61 2 35
84 10 83
34 68 36
35 59 7
50 99 45
47 76 86
108 54 37
60 97 36
8 114 42
27 26 21
39 59 92
26 97 35
115 28 19
85 17 79
12 11 77
70 81 59
51 14 46
115 52 54
13 81 14
84 81 78
26 90 1
96 67 93
45 19 42
104 19 76
25 70 78
117 82 60
74 52 81
62 81 83
20 58 5
116 72 30
105 49 95
82 77 67
110 106 95
74 108 63
1 67 4
112 37 97
44 35 69
47 25 26
117 72 78
94 29 80
90 115 76
69 65 23
61 69 42
107 80 36
72 3 52
95 50 67
52 52 41
105 31 19
5 3 71
103 47 30
70 2 70
49 54 52
90 55 57
45 8 67
38 106 13
59 43 89
33 34 25
40 38 12
41 95 18
29 74 69
87 111 5
84 51 36
14 87 43
92 9 4
72 96 17
90 77 94
51 75 67
69 51 71
24 79 13
109 51 43
67 16 25
101 3 87
57 61 54
118 107 80
38 25 99
44 85 82
1 19 88
32 76 34
118 118 21
63 3 62
88 92 52
73 83 37
109 7 16
109 53 60
45 101 70
115 81 85
94 117 54
47 111 35
39 101 88
59 95 41
93 21 32
97 22 85
20 11 98
79 108 60
118 16 5
28 3 36
113 46 50
86 104 32
115 83 70
5 65 40
33 48 89
86 28 88
26 31 36
30 60 90
67 91 4
101 85 13
2 56 29
116 52 13
18 60 30
59 38 69
40 42 90
48 34 9
24 40 89
104 37 18
34 54 26
29 116 96
111 115 31
8 40 83
51 30 75
11 110 9
24 41 98
102 64 39
27 111 82
37 5 50
95 69 45
1 3 10
72 111 3
106 71 20
23 115 13
32 92 45
75 69 78
22 37 40
97 114 13
117 67 6
73 58 32
1 18 17
90 92 77
23 10 63
106 107 43
63 83 93
70 45 32
96 96 9
24 104 86
115 43 68
88 19 16
40 41 96
9 5 68
69 72 97
21 95 29
65 28 21
58 15 19
22 106 41
68 18 91
40 43 98
57 86 78
51 94 87
116 45 96
66 13 96
31 81 30
43 25 15
114 113 49
94 34 8
23 95 95
115 27 17
96 28 98
35 69 71
65 20 18
11 54 71
103 96 2
96 102 97
76 97 76
6 103 53
16 85 25
54 1 77
43 65 4
52 80 37
23 64 97
23 41 7
71 2 98
114 82 65
76 92 7
14 116 95
96 13 23
92 71 82
42 117 42
7 50 99
30 76 82
30 102 4
104 50 79
70 20 66
88 1 37
77 97 97
62 20 17
1 27 10
20 60 50
106 93 32
106 19 35
64 88 10
111 20 51
35 85 14
80 89 32
55 112 40
110 99 37
70 41 7
105 91 4
45 52 55
41 98 11
49 14 97
54 22 15
86 91 73
37 81 21
72 7 75
81 22 43
84 67 72
20 33 99
95 79 53
27 116 9
8 86 17
90 35 26
67 65 58
76 44 38
52 58 59
4 38 6
40 74 82
45 82 98
57 34 4
56 109 36
21 71 43
62 8 38
30 16 94
77 55 31
9 51 10
63 95 66
33 33 86
68 41 38
28 100 11
48 6 3
115 71 13
7 101 77
58 63 45
64 106 84
37 63 11
88 53 37
58 80 20
101 23 27
49 30 75
68 85 85
24 7 73
75 113 38
40 87 81
53 26 7
47 47 51
46 106 57
112 88 62
38 23 25
25 46 27
79 6 41
114 49 54
58 72 19
48 8 42
4 57 44
106 94 7
57 1 29
97 79 14
21 47 47
95 48 71
48 39 68
32 42 30
85 34 63
45 94 53
67 94 63
67 95 82
32 71 69
71 37 16
72 89 79
21 90 92
61 17 35
100 71 65
104 23 24
68 39 64
59 23 78
82 98 69
97 51 74
40 11 35
42 96 54
35 81 48
117 20 91
91 106 3
37 50 59
57 14 33
118 114 25
35 39 3
108 23 64
92 52 64
35 26 53
79 66 20
28 9 96
78 12 98
60 47 5
92 79 63
109 72 43
84 49 29
25 32 43
29 23 57
41 83 26
75 2 45
53 110 43
57 79 59
110 62 15
16 90 44
93 25 8
88 65 97
71 49 13
36 105 39
50 102 66
13 100 79
107 74 2
109 48 15
76 62 22
70 7 53
66 77 68
54 117 12
42 25 8
107 22 97
32 5 75
74 80 88
30 31 84
100 97 4
100 32 87
90 33 93
67 78 13
23 107 55
86 99 62
29 73 77
84 28 87
86 62 98
47 4 40
67 71 18
115 97 48
51 64 84
110 116 7
89 81 7
7 37 14
86 114 38
77 42 11
109 108 40
100 104 33
47 57 69
7 22 93
116 54 53
49 64 91
33 31 8
45 112 88
61 102 25
36 83 30
108 47 57
103 34 10
60 83 14
107 116 62
113 106 16
66 28 76
9 17 77
114 27 2
62 2 37
115 26 34
7 95 45
99 108 40
13 28 83
47 46 25
114 66 82
101 13 5
56 78 86
7 51 26
9 37 64
41 46 93
100 58 46
67 104 41
45 103 90
63 44 93
66 40 86
14 88 54
77 21 59
115 69 30
95 45 56
92 77 33
53 47 99
15 61 58
43 98 71
80 57 93
1 33 68
5 67 64
60 16 71
48 30 49
70 44 59
64 114 41
61 110 15
91 55 10
46 80 75
87 71 56
33 16 24
15 100 92
73 18 23
20 102 20
102 47 35
53 98 31
27 16 14
75 44 21
22 116 12
19 49 86
64 113 10
78 100 85
4 59 71
17 19 12
10 93 91
44 118 48
96 30 64
49 52 1
106 1 33
78 78 34
92 82 29
117 118 48
8 16 50
76 93 29
74 8 24
25 114 69
84 73 19
113 53 26
84 95 52
106 66 77
97 83 27
8 42 12
89 66 38
96 45 18
104 39 26
114 9 24
92 84 90
92 67 30
70 49 88
3 57 22
2 82 55
15 63 19
81 52 49
82 48 98
70 50 36
58 27 24
55 103 86
60 52 10
70 70 36
11 36 81
107 4 71
98 32 9
71 101 44
76 17 7
96 31 37
36 45 99
67 88 59
114 100 2
73 3 98
13 80 37
30 27 32
59 5 76
62 67 10
89 19 42
24 85 93
68 84 99
32 38 78
115 51 34
17 110 50
57 21 26
94 11 12
60 76 36
55 46 12
74 74 43
63 23 77
37 58 62
72 75 7
53 18 84
61 79 12
23 57 40
53 13 56
49 79 13
15 115 14
11 22 2
83 87 75
6 45 68
56 63 62
64 89 66
8 27 20
24 76 18
63 94 55
85 78 19
99 52 62
116 117 24
36 66 94
17 73 17
9 97 30
84 41 11
36 89 21
5 55 92
15 1 22
60 81 78
90 20 87
11 33 20
11 116 47
86 41 71
22 101 87
5 57 75
26 92 85
45 51 26
16 22 55
80 51 69
27 41 25
93 1 16
51 65 19
111 5 42
88 84 17
78 53 58
53 116 7
91 18 95
67 110 79
20 2 68
51 53 47
36 47 80
89 62 74
61 118 94
26 46 80
42 23 28
77 20 78
72 18 89
113 28 34
12 92 66
30 94 12
87 58 28
118 77 27
88 4 8
113 80 12
12 98 60
39 24 45
27 88 56
64 60 21
6 33 11
105 27 76
90 32 53
46 95 13
60 2 32
25 7 92
116 111 72
51 103 50
22 117 15
101 88 47
45 53 82
101 102 84
67 93 62
3 30 8
2 89 50
60 118 12
36 115 1
117 73 40
101 59 27
117 103 46
70 85 10
57 44 50
66 45 1
99 25 14
1 62 57
5 64 95
100 49 26
18 118 15
29 64 46
51 15 79
43 81 36
89 85 79
38 77 21
85 94 29
102 11 41
38 39 16
21 89 61
48 22 27
68 68 24
112 110 50
99 80 30
66 63 53
105 50 84
32 91 43
30 111 82
32 111 19
107 104 47
68 106 19
6 42 5
69 83 9
35 118 25
96 19 10
89 53 72
19 63 7
15 5 67
33 44 31
24 116 29
68 59 97
61 77 75
90 4 9
110 22 50
2 96 48
78 59 26
100 21 56
39 64 89
12 7 32
52 100 68
112 96 19
57 88 2
73 31 69
97 92 33
2 12 98
3 79 29
45 72 20
109 11 73
3 55 49
107 9 75
102 110 79
115 22 88
79 105 42
111 38 38
95 28 36
99 23 70
23 51 48
73 48 32
18 74 21
94 33 84
23 65 99
89 51 40
47 24 36
38 46 68
56 11 13
83 33 44
46 28 8
57 26 90
63 45 79
29 25 63
41 4 18
98 90 74
75 17 54
45 73 90
108 17 73
69 101 80
49 9 66
80 41 64
1 89 75
1 72 51
29 28 23
62 65 78
77 117 20
61 71 91
57 2 19
36 104 95
111 19 21
84 58 5
5 20 39
80 84 3
99 90 21
24 103 87
60 88 75
50 48 33
117 39 14
100 56 5
36 2 58
63 2 61
4 56 19
100 67 50
48 23 44
9 115 69
3 113 47
85 15 56
34 114 6
112 36 18
5 91 20
98 20 80
115 87 8
62 55 45
4 92 80
6 90 34
12 21 80
20 81 61
87 85 9
102 68 89
26 9 77
12 20 64
103 36 32
71 48 85
79 40 83
61 3 11
44 99 90
14 55 53
78 113 96
58 17 50
5 95 51
35 91 17
19 18 29
10 82 15
10 7 80
86 12 73
62 25 38
69 28 50
112 109 43
87 48 97
11 52 71
82 109 90
9 4 96
60 14 90
91 99 57
117 46 62
94 112 37
98 80 24
118 68 45
90 31 53
84 43 24
40 106 66
11 78 68
108 81 78
115 46 52
31 21 77
55 4 54
12 3 29
6 96 43
99 65 26
73 1 91
49 108 24
105 78 81
108 108 57
90 71 95
60 25 32
111 73 22
6 28 27
33 104 47
79 41 43
41 34 91
66 6 38
81 69 46
92 61 85
100 66 32
93 19 35
109 52 73
84 61 98
96 5 46
109 111 19
44 51 67
39 36 74
65 15 95
103 93 31
26 107 4
87 43 80
72 86 14
3 6 19
3 74 19
26 47 41
95 35 23
116 36 85
111 83 57
101 52 39
88 22 4
22 47 56
79 28 87
54 73 59
59 55 79
102 105 57
21 4 52
24 108 74
87 112 86
16 43 17
66 71 85
16 11 52
21 117 54
38 114 1
15 20 98
1 47 9
67 34 35
72 118 24
82 84 56
91 2 76
38 90 94
108 44 90
80 86 16
35 70 97
105 2 11
109 107 13
109 19 51
71 98 56
102 97 55
86 19 46
98 47 40
95 2 62
3 33 97
45 97 9
55 12 51
101 113 90
68 71 62
17 78 61
82 8 51
44 84 61
109 43 22
99 83 5
52 3 30
16 70 68
99 40 33
10 24 65
114 83 53
37 73 11
108 32 57
75 16 81
41 67 24
114 77 60
25 106 64
44 67 68
32 107 47
23 90 66
83 89 87
102 86 83
49 63 67
35 62 95
14 77 90
73 2 80
29 38 1
43 24 90
99 87 57
86 74 63
23 43 14
110 28 49
36 117 64
61 28 81
79 83 53
67 11 56
30 114 91
43 92 64
97 113 77
29 75 87
38 115 17
56 61 28
107 21 69
99 88 3
52 95 77
3 75 73
117 53 26
27 85 67
100 8 84
74 34 15
93 82 83
111 81 15
85 74 73
17 67 67
35 22 58
18 13 62
84 102 68
118 21 50
105 106 42
33 4 32
110 42 22
110 101 24
5 75 85
109 79 19
21 35 50
68 25 7
64 57 62
8 52 63
4 66 11
81 28 73
99 19 43
66 15 12
48 83 17
63 67 71
80 75 12
79 88 36
108 68 90
35 7 72
63 43 65
21 106 75
30 71 25
104 54 97
23 105 42
83 61 56
48 99 45
95 43 21
15 86 87
95 51 98
65 73 66
77 88 90
5 58 18
117 76 82
51 28 10
1 5 40
80 73 58
27 49 92
86 67 79
91 84 91
80 109 96
112 71 62
96 75 58
38 14 48
12 97 66
58 6 7
85 95 57
33 29 5
95 26 64
13 4 93
106 70 18
3 110 23
97 3 22
27 61 78
78 106 42
38 118 29
67 30 39
97 40 72
92 108 61
5 24 17
2 65 94
9 21 52
9 23 42
34 6 52
1 111 79
100 4 33
43 22 89
11 107 48
15 101 53
55 109 27
97 33 23
11 39 55
1 105 13
15 109 20
67 10 57
75 42 22
85 53 60
59 93 77
75 23 36
115 37 52
24 107 75
28 27 48
17 99 78
28 39 42
30 99 72
87 55 29
3 51 96
48 35 40
67 21 1
23 74 8
10 108 65
81 76 26
13 103 90
74 38 19
51 118 41
19 90 98
58 107 58
35 47 7
7 91 30
73 46 63
43 28 97
76 61 26
7 43 64
93 4 88
111 15 86
55 58 31
89 22 45
111 11 17
39 90 44
93 94 36
55 78 24
117 74 5
73 10 31
53 99 98
107 15 3
71 62 55
93 5 54
89 16 47
21 23 3
46 44 1
82 53 57
110 77 65
34 98 34
89 76 22
92 78 57
99 1 32
68 82 75
60 77 27
40 49 26
113 29 35
29 2 16
84 104 29
103 58 66
60 114 70
98 55 47
75 68 80
99 15 51
69 57 37
111 99 57
7 79 43
49 42 27
27 65 55
91 9 90
6 27 2
70 37 78
35 115 71
7 61 8
24 114 5
50 22 87
66 86 20
3 65 68
46 74 82
18 8 86
116 80 70
101 79 25
55 28 15
2 31 26
51 77 48
112 33 90
77 83 67
48 68 54
92 38 14
9 70 73
4 6 78
62 58 89
49 61 37
14 11 85
74 19 89
62 109 18
24 113 58
100 17 84
24 42 40
59 98 94
65 1 31
74 65 69
20 8 68
108 36 89
11 112 62
39 80 19
23 20 78
5 89 59
9 67 5
43 56 27
44 30 17
33 40 92
64 68 50
108 76 69
31 53 51
36 95 74
76 51 17
60 98 38
100 12 22
50 52 6
94 53 4
15 35 82
97 54 64
71 94 69
62 60 29
20 105 22
29 84 68
111 24 60
15 87 18
30 39 82
96 69 2
92 13 45
107 82 56
84 26 48
114 102 24
63 108 31
110 23 87
40 96 94
118 29 71
68 36 75
101 28 24
68 112 82
58 111 53
20 21 57
44 60 20
80 63 35
33 12 27
33 69 27
34 104 16
5 26 80
88 94 95
71 113 40
61 38 20
36 35 4
75 83 15
25 81 38
23 89 89
30 58 81
32 10 98
58 75 24
114 107 93
41 12 5
36 102 64
41 35 7
61 99 25
58 42 44
93 74 7
43 99 78
11 26 33
60 66 69
79 17 69
37 77 26
9 20 76
101 9 85
61 94 18
89 28 45
39 42 98
115 101 45
111 61 75
57 98 68
106 106 23
82 47 59
13 33 32
91 93 85
67 105 13
102 79 16
48 113 65
57 52 19
22 10 73
105 65 74
69 52 3
59 54 96
95 102 90
114 28 54
80 47 81
76 37 74
55 105 89
60 26 16
67 83 8
115 66 53
10 6 60
69 7 36
72 66 31
54 63 15
104 22 34
82 23 75
97 32 53
99 104 67
31 58 14
107 115 83
90 68 25
57 11 88
43 46 31
78 30 89
116 61 51
100 53 27
100 85 62
7 26 74
45 71 16
27 33 39
26 77 64
51 12 36
36 32 65
87 81 30
117 19 82
49 98 18
73 113 26
100 84 22
50 39 40
48 58 68
101 86 57
66 58 33
105 115 75
117 11 44
51 92 84
82 75 79
61 13 83
9 53 84
106 72 60
89 7 70
65 42 41
40 82 74
95 39 81
74 7 14
3 20 90
3 31 31
77 75 40
111 71 18
83 26 39
98 98 66
20 16 32
40 92 7
29 62 6
53 23 28
117 16 58
1 95 75
90 44 77
86 79 35
8 111 70
26 48 72
100 82 50
38 57 32
45 18 61
71 25 37
40 94 90
68 86 10
41 48 18
8 1 3
31 40 44
13 111 37
7 118 3
50 67 30
29 103 75
112 44 98
25 78 87
89 84 1
77 107 29
91 47 81
39 44 88
104 12 91
99 29 81
24 53 61
56 23 75
78 73 83
51 46 55
74 88 87
67 19 45
100 110 11
66 38 95
64 98 43
69 94 65
77 49 70
74 51 43
31 72 51
21 13 16
71 64 16
39 9 45
28 77 18
52 103 30
113 60 68
78 94 87
69 97 6
81 17 28
54 72 45
7 58 67
63 52 84
40 107 6
62 57 4
113 51 89
16 114 75
96 117 74
37 19 37
19 41 31
4 5 62
115 95 99
94 77 91
85 117 65
87 98 60
78 54 39
11 72 3
19 62 69
20 116 63
99 112 12
13 57 94
108 30 32
28 107 47
43 82 42
92 103 58
6 55 81
24 48 25
25 79 72
79 38 62
90 80 26
41 31 56
57 8 19
47 27 28
97 17 72
1 23 70
83 46 81
42 1 82
48 101 69
24 24 94
59 6 16
41 88 74
112 46 39
25 104 48
93 27 45
9 19 71
47 10 68
25 34 7
79 75 22
3 44 19
74 90 51
59 108 2
50 73 76
21 72 58
27 112 30
29 77 78
53 79 39
25 18 44
11 92 22
15 118 64
12 19 18
46 50 63
57 105 87
6 93 1
46 4 85
100 116 19
54 30 33
31 76 72
59 50 36
1 55 40
103 73 16
27 110 35
35 49 23
50 34 39
87 113 87
80 102 21
75 10 24
91 48 67
19 108 73
41 66 36
19 14 62
46 107 32
23 49 13
9 14 34
4 65 91
107 83 80
60 109 57
28 31 5
32 49 7
10 94 98
87 107 19
37 15 39
103 23 40
93 98 67
85 86 50
19 94 72
102 107 56
59 75 28
53 16 9
12 112 89
38 78 12
29 29 47
90 100 91
104 90 61
110 40 56
24 77 54
23 106 61
57 115 32
31 22 68
48 12 55
69 66 20
105 39 66
112 95 13
103 11 69
78 118 95
111 89 33
30 47 73
80 28 94
13 2 22
61 64 75
7 20 20
63 25 17
50 58 42
107 27 35
72 110 49
33 65 23
68 69 10
98 75 64
52 25 61
52 79 74
14 23 87
82 78 98
21 86 12
66 19 52
18 100 72
21 51 67
111 96 79
42 97 87
42 76 19
65 29 27
55 73 93
40 48 46
74 58 88
70 103 97
75 95 44
92 18 34
14 108 88
40 84 10
93 18 24
53 17 60
101 30 25
103 43 73
39 5 46
111 64 94
9 64 73
102 103 60
66 5 19
83 16 67
24 55 38
24 86 47
98 21 15
101 27 71
77 11 51
40 1 38
33 93 88
43 72 69
62 61 63
82 91 71
83 88 84
35 9 82
68 57 45
26 103 11
91 39 55
60 3 17
81 65 30
71 18 22
105 84 21
58 51 1
99 56 13
80 32 80
3 91 26
87 88 21
51 6 94
91 88 14
13 31 26
84 15 37
13 94 64
95 100 72
69 2 28
100 92 33
102 39 66
93 55 30
84 117 77
98 68 46
117 50 71
111 7 47
34 44 56
28 97 97
26 111 62
111 80 10
36 61 58
80 78 85
65 83 45
111 98 36
7 90 16
23 34 40
106 69 33
56 77 88
110 93 8
91 24 76
50 17 4
14 40 11
64 100 93
107 68 90
76 40 22
117 93 85
48 31 9
28 88 14
45 37 2
21 5 91
69 71 80
92 112 51
52 13 8
108 34 46
7 78 22
92 7 42
89 70 45
50 23 69
24 96 11
27 9 83
54 51 32
112 59 48
110 109 46
4 40 96
17 107 46
6 47 18
94 80 22
43 54 25
100 109 98
77 113 39
49 11 90
68 117 37
44 2 74
76 103 23
89 33 13
16 59 10
112 54 96
57 70 52
81 102 70
46 76 52
44 53 43
95 70 96
79 68 98
89 50 33
85 7 80
116 94 32
80 117 44
68 32 18
41 77 81
105 51 45
88 61 60
46 61 7
88 26 8
2 5 98
35 87 3
35 57 71
113 49 70
110 34 44
69 91 70
35 42 53
21 104 78
36 84 30
52 27 74
108 94 93
52 59 24
69 79 21
116 12 86
98 1 91
116 112 86
107 49 89
23 66 23
103 59 77
49 13 62
45 89 69
86 83 22
79 85 36
36 65 73
59 57 11
23 84 90
7 53 29
43 20 62
40 102 86
52 89 75
64 6 20
73 68 14
12 90 78
109 115 77
59 40 58
96 83 70
94 16 4
62 37 76
20 52 92
58 71 12
48 43 11
74 89 99
46 29 55
37 6 34
11 104 75
77 31 78
34 96 14
59 115 91
25 109 55
40 36 61
94 73 85
43 77 71
53 37 65
40 35 96
24 66 69
63 62 38
87 94 81
9 106 35
113 52 3
22 24 5
18 64 65
77 78 15
113 23 4
13 9 92
89 3 55
59 25 64
33 46 30
9 79 52
103 112 73
79 82 19
44 58 17
48 107 54
24 1 50
43 34 10
15 73 10
20 38 74
62 73 60
107 25 92
28 33 67
89 30 27
31 52 56
108 116 16
97 86 8
96 22 60
61 85 82
51 78 23
70 90 58
47 73 6
29 14 18
65 102 99
58 110 55
81 30 1
101 65 87
29 15 79
58 108 48
3 115 68
69 20 75
113 35 31
18 59 22
66 18 52
112 77 37
10 79 14
4 29 26
91 53 74
25 118 51
61 73 59
98 66 6
14 63 46
101 64 36
96 104 46
14 111 32
35 25 29
