61 876
9 59 56
29 23 36
4 48 75
27 19 14
9 23 58
29 41 98
58 21 99
36 60 7
29 30 16
32 30 89
28 40 19
2 9 7
3 12 31
58 38 35
17 49 57
61 18 67
9 15 55
43 52 23
45 21 98
54 52 10
52 18 41
47 22 39
6 24 96
15 22 60
40 39 12
30 40 15
61 48 12
51 32 74
42 15 75
1 7 89
52 58 26
22 45 44
59 53 75
48 6 91
16 45 12
32 15 85
7 15 18
58 4 3
39 47 45
41 47 62
34 39 37
45 60 87
17 59 21
15 48 65
35 2 53
33 36 42
10 44 95
36 42 72
30 21 88
40 1 44
58 36 50
13 21 41
12 40 57
5 54 95
61 29 12
44 3 20
41 14 28
52 51 50
7 21 57
9 1 24
60 58 39
29 11 23
59 24 23
26 28 10
42 30 73
60 12 25
53 54 51
29 44 63
48 52 67
24 61 6
5 59 38
21 28 1
57 25 79
11 53 91
22 33 6
61 31 72
44 23 27
41 51 70
28 37 69
34 1 11
43 7 41
47 27 8
3 25 47
43 37 19
49 58 16
24 57 48
11 39 33
52 19 99
30 20 78
44 1 64
59 50 95
38 54 93
46 35 79
42 24 60
10 49 13
11 1 59
35 54 49
49 7 46
39 39 17
32 23 64
32 21 25
60 60 99
53 44 63
21 27 7
46 38 37
7 48 25
7 24 95
27 11 17
35 49 58
2 22 26
30 53 63
50 53 71
47 3 68
59 56 6
59 2 54
54 4 35
33 7 39
35 38 7
59 26 33
21 26 11
28 13 17
2 10 11
11 10 4
11 7 51
32 60 2
25 25 65
44 59 92
10 20 75
22 49 67
37 50 71
41 2 25
41 12 50
44 46 43
15 49 20
53 14 35
37 23 15
57 5 18
42 14 19
55 37 14
18 13 70
52 55 76
36 36 35
27 18 98
17 32 97
2 25 67
11 3 44
22 59 32
30 41 66
58 34 56
15 54 18
21 44 61
28 19 89
48 47 49
53 2 44
45 5 74
52 15 3
19 38 82
54 7 5
42 5 43
6 19 64
46 41 37
19 9 86
28 59 57
55 50 95
56 33 21
18 23 63
46 43 39
11 36 64
19 18 53
61 23 25
35 10 41
30 59 81
53 52 32
19 46 34
52 5 54
38 52 32
1 3 99
31 24 23
7 25 57
3 59 19
41 53 65
27 23 87
10 15 34
42 35 46
16 3 90
29 4 2
16 36 36
22 44 35
51 48 60
30 28 51
44 5 31
42 46 71
26 32 31
60 16 33
47 31 76
28 44 92
1 12 27
25 52 40
13 16 73
49 43 55
52 61 12
58 1 72
7 47 36
53 43 21
23 11 86
42 11 47
27 36 66
6 46 34
51 61 81
19 50 54
20 41 53
8 39 63
13 47 83
48 41 52
12 4 99
45 10 55
58 15 1
45 4 48
51 24 64
38 43 82
14 3 61
52 50 28
7 3 23
36 26 42
30 7 65
33 42 46
54 45 88
2 48 23
38 57 21
18 33 65
44 49 98
16 18 88
4 51 66
57 23 13
12 47 82
2 44 1
59 45 94
46 23 55
34 42 81
50 24 55
12 39 28
42 45 97
4 53 37
25 6 26
24 3 20
12 50 60
58 25 67
17 13 84
24 24 19
50 6 34
4 9 49
44 12 8
11 57 43
61 21 88
35 33 67
29 31 99
6 47 48
9 11 16
50 60 83
15 3 23
13 6 93
19 5 49
28 39 82
28 8 50
49 16 31
24 26 75
24 14 15
31 30 43
45 48 71
12 2 38
12 16 92
8 34 58
25 1 54
15 28 39
38 17 80
48 42 59
7 4 93
28 35 17
51 20 75
58 33 77
60 44 32
3 52 80
16 17 14
5 34 93
4 10 19
20 59 41
61 6 69
54 34 88
17 23 19
28 22 3
39 20 63
5 24 95
4 39 44
5 46 93
33 51 92
47 11 88
26 22 74
55 51 45
55 29 26
37 35 11
12 38 55
27 17 21
1 36 59
35 22 85
13 40 89
27 6 85
2 60 50
61 55 55
17 31 33
18 48 55
24 13 99
20 15 19
26 49 52
45 2 66
6 28 52
52 31 27
26 30 90
30 48 9
9 46 75
25 4 32
23 28 71
37 49 83
25 15 33
35 60 8
19 57 37
15 23 8
30 25 61
21 47 51
24 22 80
45 47 4
53 22 11
42 7 15
51 21 49
28 42 84
12 6 19
44 50 74
31 43 3
19 45 68
12 26 20
61 17 88
13 48 58
27 57 8
59 23 87
18 34 53
29 49 13
18 8 46
55 19 66
41 35 85
11 55 10
32 20 72
1 35 77
18 2 45
18 21 49
8 54 44
36 35 94
51 47 66
50 17 76
46 29 76
4 4 47
57 6 6
5 25 26
3 42 10
8 41 23
33 50 82
18 24 74
38 13 58
50 3 68
21 49 14
12 52 79
37 47 16
37 53 8
40 55 67
5 3 37
26 55 16
39 33 19
38 23 99
54 43 28
39 54 39
46 48 62
49 54 18
31 41 36
5 7 60
2 46 82
14 22 69
31 16 93
28 24 32
12 48 95
46 34 50
14 21 3
48 53 75
58 57 46
1 59 92
36 43 36
56 47 80
2 58 46
18 42 23
20 58 71
14 44 32
51 40 81
34 41 39
61 19 23
53 56 27
59 13 82
61 8 24
34 28 72
20 49 32
27 1 22
20 24 45
24 19 64
16 16 71
26 17 72
21 39 98
12 13 45
47 33 59
33 26 63
27 45 71
2 61 58
45 43 91
46 7 87
16 40 32
5 28 50
41 44 72
19 15 34
48 43 14
61 42 69
37 27 89
31 12 92
40 7 4
29 22 45
2 8 50
38 26 68
36 15 7
14 36 43
6 7 96
33 13 67
40 42 27
13 45 74
4 56 19
22 16 50
23 19 95
7 34 45
17 40 83
6 17 47
58 59 52
16 10 63
37 46 58
45 7 86
51 31 90
56 37 40
34 55 24
19 33 30
61 54 23
13 39 75
48 14 93
18 60 83
4 52 54
8 46 11
45 18 95
2 38 1
5 27 63
25 61 51
42 1 86
18 3 72
12 21 90
13 26 47
44 35 34
52 20 95
56 21 17
47 52 80
39 35 19
25 46 76
50 2 7
30 15 64
9 27 36
39 9 10
57 2 23
32 59 5
40 18 53
35 8 67
31 37 93
49 46 10
33 25 75
28 52 61
51 56 4
59 35 25
32 9 50
11 41 35
2 31 72
23 2 7
53 55 72
23 21 61
52 40 56
2 47 37
6 44 48
29 17 69
61 27 3
8 30 9
49 52 34
49 59 66
6 30 86
30 37 34
23 40 77
17 3 92
7 7 66
56 16 57
20 3 44
40 58 72
59 21 4
8 40 10
3 4 17
2 24 64
34 38 39
13 4 46
24 55 54
1 33 57
17 30 65
18 43 87
52 11 23
23 25 13
20 48 74
11 6 96
57 20 66
20 33 89
48 57 63
26 18 34
24 8 7
61 33 19
41 54 19
16 39 12
23 51 72
1 47 2
17 7 6
54 27 48
24 16 50
19 58 15
45 12 87
61 37 28
20 37 97
61 53 2
12 5 76
17 18 5
35 43 39
3 21 35
4 41 4
31 23 61
3 43 5
19 13 21
15 11 53
61 7 92
58 37 88
42 53 62
49 30 88
25 27 30
19 60 62
57 41 8
34 10 13
2 2 57
61 41 83
26 23 68
53 47 84
28 61 90
34 17 20
32 52 89
42 55 16
44 54 57
38 1 58
10 28 33
14 19 30
47 14 37
17 41 69
27 13 96
61 47 81
43 27 57
28 9 65
30 44 41
13 20 47
25 31 72
8 16 29
52 16 77
25 60 28
17 58 6
31 10 15
50 36 4
35 34 37
52 42 34
3 32 12
61 58 57
23 52 84
59 7 46
14 40 60
51 30 82
58 3 44
48 40 72
9 35 3
17 28 4
2 54 13
8 51 2
11 5 95
25 56 43
39 41 31
51 49 31
38 6 86
6 8 15
3 9 88
23 56 40
27 10 25
34 48 82
20 40 12
33 23 17
53 28 38
41 33 64
24 23 79
57 12 27
35 35 67
34 37 9
39 59 24
32 13 14
17 5 64
17 9 36
42 6 67
17 22 54
61 60 3
8 21 66
46 52 60
8 25 44
26 43 96
19 42 44
21 2 31
60 48 61
46 1 32
38 55 71
11 2 46
31 27 33
54 59 92
24 11 6
8 31 93
9 16 88
18 5 65
17 35 55
61 50 11
56 49 49
51 29 65
48 10 52
38 29 45
30 45 83
44 47 82
26 4 35
38 44 81
55 12 6
46 60 33
61 34 82
54 31 74
18 56 29
53 34 47
56 28 93
16 41 37
59 31 76
47 32 90
20 55 34
29 54 32
4 46 54
56 57 25
36 51 68
5 50 1
41 37 3
11 26 24
5 26 82
56 56 81
5 22 31
30 43 46
35 47 35
16 21 7
58 28 21
43 41 92
22 37 65
56 43 32
60 11 13
57 45 40
44 57 92
7 14 57
27 35 67
12 53 54
28 49 70
8 32 81
8 56 12
25 50 7
28 46 58
32 36 83
4 2 55
7 13 22
31 42 26
55 58 58
3 2 33
56 27 2
57 54 9
45 9 86
28 41 57
26 46 6
59 52 48
22 22 89
36 44 50
22 38 22
2 42 69
33 37 23
52 34 91
32 46 87
41 10 62
20 31 71
27 7 26
14 31 61
30 54 7
45 50 6
10 1 40
23 3 5
46 18 42
50 28 50
31 57 29
47 40 85
18 47 6
38 56 44
7 53 8
43 28 38
53 6 26
7 28 19
51 13 39
3 3 51
18 36 79
48 17 18
10 23 41
29 7 35
61 59 70
14 6 69
34 56 87
8 59 85
14 17 34
14 46 43
24 1 99
46 10 40
61 38 47
43 39 8
32 54 28
48 26 10
53 49 29
34 59 19
13 5 16
6 49 12
12 17 73
29 53 8
57 50 23
22 58 41
34 32 31
8 44 91
28 12 12
11 25 70
54 22 17
42 44 14
34 6 8
19 22 86
48 29 74
35 58 18
56 9 58
20 23 39
45 56 22
11 45 95
22 20 10
44 61 23
49 39 35
16 50 40
41 19 26
11 31 67
46 16 44
10 52 88
48 22 21
44 25 85
33 46 99
44 56 17
33 43 61
16 27 20
48 38 62
37 12 5
54 58 81
10 61 70
54 14 43
33 59 18
9 34 57
58 9 63
19 36 8
5 29 21
10 25 5
30 57 92
41 55 42
4 1 18
17 21 48
39 55 58
41 41 37
49 11 83
54 54 19
29 35 99
52 37 48
51 59 24
29 29 60
24 54 48
43 34 9
25 21 32
6 15 35
44 33 3
2 20 88
25 9 23
15 16 76
18 41 60
35 5 86
3 8 19
12 33 39
19 40 92
55 54 19
21 4 7
34 13 9
61 49 51
1 51 65
50 22 91
22 52 61
51 25 21
5 14 38
13 49 54
18 51 94
15 1 27
10 60 70
60 20 10
60 43 7
7 38 94
44 52 55
10 51 53
39 51 91
9 5 3
11 12 23
60 33 79
19 43 53
30 22 27
34 44 10
13 57 54
30 23 40
29 43 12
43 16 48
41 49 43
15 37 7
43 15 31
59 11 44
38 8 47
36 25 41
23 60 37
31 58 11
35 15 38
56 29 97
17 51 65
6 3 94
1 41 27
13 58 74
59 55 60
55 60 72
30 18 65
59 25 44
12 27 28
53 39 48
5 60 2
44 48 20
30 36 44
28 29 24
26 60 91
14 58 52
7 10 46
30 39 89
41 23 14
15 21 29
31 6 89
5 48 76
18 15 24
