199 1721
145 176 19
196 39 25
54 192 70
126 152 10
162 28 58
42 27 16
70 60 36
113 87 81
107 180 62
153 131 99
141 77 50
199 50 12
176 80 96
92 182 17
47 144 22
165 162 39
178 33 59
83 122 58
51 29 7
170 182 94
52 100 61
62 99 65
111 52 29
129 143 4
100 167 25
97 132 16
98 87 61
158 169 25
105 196 54
10 167 95
46 195 88
134 57 47
73 145 97
67 74 8
44 173 87
142 48 91
3 145 37
95 80 57
86 161 33
106 171 24
108 193 31
186 127 3
140 199 47
169 44 58
95 87 56
11 6 57
12 8 98
122 79 41
179 165 38
11 48 98
8 133 15
1 119 46
27 60 56
197 6 69
19 100 94
37 87 47
79 98 48
66 196 50
109 153 83
114 163 93
66 147 78
12 124 24
84 127 73
132 101 24
2 120 82
180 133 34
141 13 71
87 55 26
112 164 57
78 55 94
92 97 61
39 108 91
82 168 79
160 78 75
45 79 32
5 36 7
6 153 53
126 41 71
197 129 96
22 7 69
9 76 85
97 91 61
109 172 40
48 110 79
65 154 44
2 135 30
49 140 80
84 44 44
197 18 71
29 40 41
114 25 49
120 121 71
187 30 28
23 78 93
113 142 89
58 121 98
62 146 53
172 30 26
123 5 36
3 33 43
65 147 37
180 44 80
10 8 60
164 7 55
53 96 40
48 154 43
178 192 71
27 164 73
94 87 23
179 89 12
104 130 8
31 110 96
78 96 33
177 61 60
109 90 55
182 137 60
153 116 4
47 119 63
169 13 86
74 169 40
11 50 66
71 80 12
151 157 45
39 112 97
132 197 56
99 179 15
20 109 66
132 155 64
9 101 36
148 174 12
176 184 38
112 55 46
134 6 18
52 21 10
31 130 77
75 29 58
34 26 96
85 157 61
55 166 21
15 114 4
142 68 17
97 179 67
132 113 49
78 141 96
112 171 66
166 24 11
176 34 90
72 119 7
122 150 19
73 164 13
198 107 29
109 180 29
28 89 24
151 166 59
73 78 31
124 21 92
5 173 58
86 45 92
125 166 59
107 40 93
4 38 4
143 123 27
63 150 7
71 102 62
21 151 98
119 76 90
17 80 99
148 142 16
175 68 4
153 151 80
72 154 47
97 98 24
79 137 71
150 8 42
165 29 30
35 124 97
124 140 54
164 89 87
50 41 5
101 170 22
168 19 48
50 92 16
55 171 47
11 98 72
44 40 45
6 74 96
43 175 15
159 116 60
195 165 25
52 43 62
83 187 69
46 38 45
82 69 16
56 79 87
14 100 21
199 105 12
86 148 51
89 84 32
181 56 77
91 108 82
147 167 29
46 13 62
14 72 4
128 127 26
141 117 65
194 93 53
75 178 85
130 44 16
101 25 26
15 92 24
171 40 31
69 85 93
4 75 23
7 4 71
66 121 5
25 92 65
66 166 53
31 96 77
57 197 96
139 12 37
105 159 57
16 28 24
139 8 81
133 15 44
32 57 98
153 124 51
38 131 9
143 165 70
51 104 7
50 185 2
88 2 81
11 140 10
162 73 86
117 104 37
170 150 25
115 103 3
26 117 58
186 38 2
167 65 59
114 114 54
20 2 18
129 188 41
47 151 47
132 45 4
98 191 15
121 106 45
46 109 46
78 95 93
75 40 78
175 153 41
15 149 32
56 55 76
189 79 52
196 11 3
85 108 25
99 7 83
170 29 24
158 106 58
160 180 51
27 132 11
7 146 38
141 178 11
87 168 41
138 164 11
120 102 13
113 72 69
191 30 85
142 189 64
131 192 58
28 198 23
95 139 77
171 3 57
126 140 11
92 173 41
142 71 63
198 183 21
60 152 57
27 71 65
150 178 23
6 6 68
117 49 92
195 175 96
16 44 47
61 185 70
8 160 47
3 196 99
4 23 86
193 172 56
175 154 19
132 114 13
181 9 44
33 180 54
25 195 53
167 56 98
156 40 5
129 42 36
31 22 77
179 15 92
130 166 39
50 56 59
85 89 65
50 113 62
80 57 92
73 190 15
2 119 49
150 127 52
97 106 86
170 13 74
196 52 81
137 78 40
40 140 43
123 189 82
2 69 7
135 118 84
86 120 62
33 47 36
24 120 95
29 90 89
177 87 42
2 1 57
58 41 84
26 163 75
83 164 81
174 76 99
33 139 38
34 171 28
114 194 47
124 199 86
101 154 82
129 132 72
35 189 12
81 15 62
92 74 87
149 26 79
125 58 49
196 68 49
138 182 27
176 83 71
127 183 51
119 112 44
134 124 93
166 181 40
161 50 61
74 199 68
85 101 41
13 97 42
87 12 5
156 187 26
24 11 39
154 121 30
51 87 45
184 25 57
145 98 46
155 159 13
199 148 91
88 36 9
159 191 15
90 192 88
4 192 15
183 146 65
110 173 47
194 157 22
152 79 76
62 34 89
73 10 10
180 75 82
53 11 39
136 100 44
65 80 50
4 64 98
40 150 82
162 145 39
63 74 29
61 112 20
19 184 50
101 141 63
19 194 61
104 107 67
181 172 71
28 152 13
20 192 15
184 131 25
60 194 97
37 55 79
2 50 79
176 150 88
2 145 14
38 49 67
172 7 36
141 34 36
173 30 29
156 190 57
37 50 47
191 64 70
58 65 17
85 41 93
77 20 80
40 57 18
110 6 47
151 147 16
145 120 22
108 53 47
3 90 28
67 81 92
163 115 58
110 199 77
7 54 7
2 93 11
46 3 51
97 154 99
135 76 68
26 184 67
84 163 22
192 7 30
186 170 70
199 80 18
77 63 63
149 64 18
56 110 43
167 183 80
3 118 61
134 120 11
96 5 88
147 196 37
56 159 27
56 13 60
108 138 79
31 170 40
156 114 89
35 93 43
166 5 22
82 100 69
137 48 15
23 80 45
54 136 19
142 191 12
92 76 32
83 107 85
183 63 25
21 74 49
175 18 23
51 76 13
83 14 39
112 13 33
100 43 59
1 184 40
113 77 32
140 159 57
138 120 54
51 140 4
56 116 63
42 143 45
150 26 34
61 137 68
51 14 71
176 14 10
70 126 49
39 67 62
92 181 87
7 32 16
109 105 21
145 33 88
170 93 1
185 143 4
43 96 10
84 165 34
179 4 5
11 95 7
161 79 66
29 5 26
13 114 14
92 36 37
194 167 36
5 10 1
28 71 66
131 27 62
78 37 47
30 197 71
189 26 38
13 15 9
118 107 30
79 81 34
109 75 87
82 56 59
137 191 31
151 70 40
14 76 69
131 42 36
76 31 22
112 149 48
182 28 3
13 137 83
34 195 91
18 123 36
72 60 48
152 187 33
46 177 91
136 108 91
29 161 56
136 50 99
127 9 56
176 22 61
77 55 46
33 49 10
50 120 20
58 49 31
112 94 93
42 30 72
190 171 9
118 75 1
73 28 21
141 104 53
28 114 56
191 163 86
15 197 70
25 109 51
189 127 93
40 93 33
50 60 89
133 177 13
178 27 99
68 167 33
188 172 1
134 163 39
199 154 95
113 178 98
110 184 8
157 34 58
153 143 89
1 121 55
75 188 18
31 153 22
100 87 73
109 86 91
92 198 5
183 95 5
155 5 65
43 139 89
167 92 86
46 69 54
127 143 13
176 174 15
174 51 16
112 160 97
4 29 30
74 13 65
65 144 90
18 187 42
4 131 7
113 80 8
106 57 71
6 31 87
15 120 93
64 123 84
112 196 55
55 39 44
19 13 50
149 121 12
126 12 93
46 94 14
116 99 91
14 90 98
135 66 68
187 120 40
7 75 99
167 93 36
58 20 34
179 167 81
113 60 58
54 50 87
92 98 65
76 33 25
33 20 29
6 4 64
10 170 73
27 5 62
141 83 27
63 128 69
180 159 6
164 51 69
103 103 48
106 112 92
7 117 48
158 104 67
179 130 1
21 48 58
182 91 35
66 153 38
8 110 62
176 74 6
44 153 91
97 37 86
169 20 27
23 154 14
22 133 78
26 153 52
90 113 80
169 178 42
176 162 92
120 116 18
67 136 81
140 33 12
102 178 31
180 1 5
140 23 5
6 48 89
119 114 89
99 83 72
56 37 8
98 133 99
15 199 16
62 139 2
121 41 51
1 198 12
10 115 47
175 120 55
49 16 97
34 115 3
197 147 12
100 45 84
95 60 27
49 98 29
12 19 74
152 195 88
71 6 85
12 157 39
1 6 5
80 40 59
42 14 41
41 90 46
148 184 88
79 10 49
126 197 40
190 126 90
53 197 3
30 9 80
80 185 12
169 42 85
150 61 73
78 78 80
28 26 4
36 105 60
119 8 47
197 197 20
48 27 84
104 33 87
71 112 85
43 82 67
32 32 41
10 87 14
78 114 74
129 149 44
167 45 52
2 19 68
139 67 82
74 147 77
194 18 91
77 60 30
1 68 47
162 78 82
177 155 84
42 84 37
164 28 90
94 7 84
21 145 9
150 20 61
135 190 26
10 67 11
187 44 2
151 182 71
178 160 97
142 178 82
10 120 84
98 14 48
28 12 96
2 161 9
121 97 72
36 106 74
10 70 75
51 198 18
147 176 14
197 96 37
132 82 26
72 179 36
17 183 28
84 184 87
147 83 88
1 118 22
97 127 16
15 154 16
114 101 99
150 99 52
141 8 8
53 79 58
154 73 84
67 133 91
117 81 44
94 155 63
147 169 42
198 60 67
27 10 40
103 127 38
62 156 42
175 110 4
73 153 13
155 71 80
96 112 74
155 182 67
140 130 34
57 128 91
75 131 51
190 12 50
91 73 11
71 48 68
99 98 50
61 30 41
80 125 29
157 57 36
188 197 76
143 31 65
179 105 97
3 73 26
129 140 56
35 187 46
5 87 78
128 124 42
98 181 79
180 138 54
198 103 29
146 46 45
198 3 66
182 181 36
154 110 85
198 121 59
45 126 60
11 31 96
183 128 49
81 85 88
12 83 83
140 29 65
76 28 26
116 186 15
7 118 79
37 93 32
54 137 37
135 148 42
117 131 90
80 188 6
180 199 23
183 116 20
10 191 57
15 108 32
24 91 68
96 104 20
90 134 34
185 69 85
112 162 17
166 42 7
82 22 5
58 182 43
63 191 62
94 183 28
66 183 75
178 80 85
161 169 22
104 154 39
148 66 35
123 9 54
63 68 86
2 125 12
57 187 94
81 59 61
11 80 58
112 41 98
125 121 77
8 69 36
52 191 64
114 54 63
22 32 59
88 89 64
123 169 39
140 157 11
141 144 48
22 34 69
71 158 6
52 165 40
98 193 92
129 108 63
29 106 58
30 171 21
18 94 9
42 34 50
189 175 19
193 173 99
61 45 12
26 96 96
59 170 84
60 76 32
114 81 21
151 105 45
48 146 34
102 135 48
78 128 45
86 165 22
53 167 57
162 3 80
65 39 58
52 152 48
144 128 15
9 56 17
165 104 93
110 182 53
30 37 43
123 123 30
37 152 17
156 155 1
165 183 52
56 128 51
33 136 22
164 188 37
103 18 51
169 117 4
154 131 6
106 131 55
6 30 71
103 62 84
128 94 37
186 31 69
148 171 14
70 74 20
5 20 31
62 173 66
48 56 84
125 69 62
135 51 54
128 153 11
26 58 44
82 45 68
192 169 76
92 39 19
162 20 34
172 81 53
68 106 90
116 8 90
6 119 51
124 24 22
104 49 55
177 107 69
35 100 33
86 168 79
187 130 61
108 79 77
178 146 37
81 40 90
29 22 72
27 146 51
177 27 9
163 181 81
192 16 35
168 102 83
183 89 46
18 174 51
86 129 68
84 187 74
66 16 33
143 43 98
68 20 77
19 159 16
76 152 79
111 80 27
96 74 57
159 160 90
146 21 16
172 86 23
21 6 57
190 74 42
187 69 32
142 121 94
136 130 58
8 18 6
145 113 93
57 72 1
75 19 61
102 167 65
122 164 85
184 132 69
21 96 26
39 39 32
185 151 20
29 158 74
175 81 37
196 114 62
153 188 13
131 68 62
193 189 44
39 151 54
157 148 69
121 163 2
6 148 33
20 176 4
28 129 41
148 102 97
118 55 66
82 162 58
14 133 97
110 171 38
114 106 22
15 4 78
153 186 99
43 182 43
68 11 15
149 135 6
145 53 15
107 135 99
135 125 29
107 12 83
30 126 31
77 117 96
110 71 7
45 90 84
156 134 1
195 61 89
114 182 13
64 89 81
175 2 57
21 108 83
190 115 11
66 191 8
121 102 74
163 123 43
187 79 18
198 52 35
144 165 95
143 6 62
54 180 90
90 177 79
137 144 65
64 10 67
130 131 62
45 94 49
117 56 35
70 199 53
5 143 36
7 63 19
93 176 27
71 40 40
63 147 52
111 168 67
82 193 71
131 87 62
33 156 26
75 137 77
100 142 91
105 125 33
64 18 76
81 127 18
101 15 94
192 96 9
163 28 77
167 37 35
170 111 76
93 11 63
188 92 83
124 156 16
37 123 25
142 180 76
194 82 29
15 51 35
5 14 56
81 157 30
114 127 7
85 196 24
173 185 60
187 109 34
194 122 69
67 41 5
66 35 93
56 26 1
119 30 95
10 111 39
113 25 56
128 86 22
130 37 29
1 1 6
28 194 27
84 103 26
42 55 86
48 42 34
12 154 83
79 82 10
119 188 77
168 189 63
80 193 87
113 170 67
164 31 82
51 57 56
162 76 25
80 123 45
86 134 44
116 189 25
185 109 13
92 54 66
197 110 18
98 23 34
37 187 19
55 38 67
185 176 78
170 33 47
197 118 12
155 11 26
171 196 15
153 88 1
124 62 90
65 160 10
175 173 88
71 5 49
23 189 2
27 159 32
176 133 75
15 65 11
43 37 49
155 189 65
99 91 23
174 155 8
50 108 83
89 178 32
142 1 11
148 4 40
187 179 68
121 171 33
42 190 58
136 145 56
94 44 91
114 195 77
71 45 50
177 111 26
88 53 69
187 178 58
1 165 38
169 86 19
179 104 25
4 17 68
17 111 53
132 50 9
76 27 79
196 115 19
72 79 27
172 79 36
7 25 19
35 181 85
30 184 88
170 1 91
131 97 13
64 29 62
41 104 19
129 78 17
24 126 60
119 98 92
156 82 79
56 93 51
59 123 63
79 70 75
186 177 72
73 41 34
31 81 9
169 186 22
23 10 42
155 105 26
143 38 10
155 93 10
80 8 97
12 171 2
49 51 76
140 21 34
108 43 14
3 197 42
148 117 52
198 50 58
141 175 49
184 32 11
73 20 33
116 36 27
198 61 50
139 177 26
44 86 66
157 65 28
152 13 7
185 187 78
112 105 92
143 66 12
182 139 13
192 32 62
23 7 95
104 123 17
102 100 38
21 29 2
33 15 52
94 103 96
107 23 85
151 6 13
16 174 78
92 174 9
7 78 78
98 36 19
52 138 45
47 135 95
54 167 19
25 38 75
100 144 10
65 95 33
122 88 79
11 179 68
83 162 54
100 37 60
38 88 51
97 111 52
162 164 67
42 188 74
1 89 63
182 130 44
145 30 30
83 17 80
194 99 92
160 199 76
162 14 87
78 110 59
152 50 94
169 68 39
2 46 90
176 28 32
47 172 74
181 33 93
96 27 99
149 187 67
39 126 16
193 4 87
60 155 78
67 102 3
100 56 86
68 103 82
65 84 4
55 156 16
144 105 75
33 144 39
111 114 57
100 173 81
114 17 79
196 56 22
124 155 71
56 199 70
137 64 48
50 95 83
189 40 68
93 49 75
145 160 93
178 37 81
166 127 31
33 124 78
178 25 18
179 58 76
84 171 28
49 21 64
146 11 85
172 103 54
157 4 65
145 146 71
149 155 4
10 133 97
24 112 40
15 172 9
45 197 6
170 144 49
135 116 8
126 13 21
76 146 45
40 91 59
153 17 42
144 26 13
10 18 91
53 62 18
94 33 97
122 144 1
31 70 1
54 162 47
89 92 99
80 36 29
179 171 48
168 180 35
153 11 16
112 104 53
191 4 30
186 34 99
171 173 47
78 27 36
76 93 33
67 172 45
60 128 63
80 97 33
93 27 57
191 115 41
99 106 34
151 92 39
73 63 79
94 118 94
77 170 47
151 14 76
38 73 93
95 129 38
110 23 95
158 190 85
65 90 3
196 41 45
139 90 19
32 183 5
150 37 54
139 187 64
76 25 63
141 96 96
80 7 2
45 141 89
124 6 12
109 3 97
140 118 46
57 149 99
45 76 93
26 15 58
20 91 40
63 32 98
36 89 63
170 58 27
22 143 98
91 83 43
26 116 43
121 160 88
52 162 26
170 181 32
89 22 95
104 57 55
125 42 6
88 12 29
33 10 27
179 100 46
44 103 1
57 24 96
122 52 85
3 22 33
173 88 94
130 191 72
174 94 60
152 158 51
187 190 51
120 169 60
135 13 24
43 46 37
88 167 93
96 170 48
62 120 42
49 27 71
108 153 8
180 118 32
40 38 68
153 172 55
191 191 37
31 57 99
98 129 67
186 167 71
163 16 6
108 61 25
146 168 32
165 126 52
128 142 11
83 95 55
27 64 85
16 71 96
148 168 73
29 131 46
29 94 9
32 178 32
60 124 74
18 66 86
93 193 21
182 76 32
44 79 47
96 71 1
182 196 83
196 25 46
178 30 27
174 61 98
185 97 52
165 114 92
24 183 53
48 165 99
121 9 86
80 82 50
87 64 86
38 37 61
143 15 47
97 166 47
52 151 85
107 93 89
29 117 11
112 62 85
135 119 79
53 182 32
143 20 16
58 140 76
2 37 19
183 88 72
85 171 13
54 1 27
7 121 29
159 144 48
121 174 8
100 94 14
115 129 15
168 130 35
164 90 70
89 151 73
106 6 33
17 188 5
68 67 83
158 26 57
144 123 74
135 199 21
123 115 54
50 83 21
190 25 69
18 90 80
17 195 43
192 12 67
66 56 11
125 191 56
129 135 80
60 71 17
108 170 77
62 196 36
123 186 10
97 5 70
198 197 30
83 190 11
155 33 44
94 158 78
13 64 65
55 123 9
96 9 24
52 70 24
67 192 40
84 66 46
189 42 15
68 124 75
156 79 32
78 149 64
190 162 29
16 193 3
110 89 98
175 117 74
14 183 46
15 44 80
21 11 59
24 55 21
170 187 34
149 43 10
41 25 83
4 87 62
136 77 68
61 91 10
5 111 51
14 111 23
99 81 37
64 31 34
154 94 91
183 134 71
29 30 87
143 168 6
130 6 71
138 11 96
156 1 97
6 76 47
20 139 76
98 93 49
163 76 90
54 81 2
55 196 78
143 139 98
107 70 99
60 141 54
91 123 83
156 142 85
53 18 71
19 180 35
119 11 61
26 66 22
165 9 82
139 32 13
93 158 7
23 91 59
92 143 24
31 162 93
22 58 38
71 84 44
94 26 66
56 75 13
64 14 49
56 30 72
189 100 77
23 122 11
174 14 50
144 21 39
48 43 69
184 90 39
164 183 28
128 39 30
8 79 49
95 135 45
27 101 75
116 100 21
97 74 63
197 194 77
60 42 94
156 4 75
137 167 39
119 95 67
24 151 58
100 178 67
77 94 3
175 167 21
64 164 49
150 1 76
79 157 40
75 71 81
31 166 67
25 119 9
75 142 50
60 43 66
145 119 34
107 71 62
143 111 98
22 117 77
74 168 25
69 198 50
159 1 83
106 75 73
5 112 63
34 34 27
157 141 86
49 84 1
58 34 51
67 32 26
11 82 1
157 110 29
34 193 15
52 174 32
89 8 45
22 165 55
138 48 72
91 114 2
160 124 11
197 125 77
47 115 86
112 143 83
111 9 28
144 30 50
95 54 11
106 169 6
127 60 18
180 20 22
92 193 37
177 5 17
149 28 42
92 139 83
8 51 4
108 171 29
196 44 41
52 126 39
131 54 76
148 11 74
66 102 35
85 56 70
185 181 7
178 73 57
115 58 53
14 165 41
164 139 68
123 167 18
51 99 58
15 24 90
197 66 27
174 150 38
131 135 94
139 114 77
38 42 6
160 182 23
126 83 35
195 110 44
117 125 69
4 99 28
14 73 56
34 5 67
58 120 4
131 183 45
40 198 96
90 135 80
79 62 38
12 34 10
44 127 66
75 130 83
172 121 95
19 154 71
1 188 15
96 119 86
196 135 32
115 2 93
153 92 82
1 112 81
149 163 28
21 135 46
118 154 71
196 131 99
153 24 64
110 116 73
179 109 60
109 62 55
50 40 2
117 188 69
91 185 80
10 103 94
35 99 74
72 71 22
5 24 83
49 134 54
95 113 12
198 198 92
192 25 5
53 118 12
99 10 94
57 195 50
146 30 45
166 101 94
14 105 80
38 154 39
2 26 57
73 24 73
160 193 68
110 46 23
26 121 61
126 154 32
106 100 2
162 43 75
89 33 53
100 72 90
74 121 77
199 82 20
172 168 17
41 170 35
95 96 53
144 179 68
24 141 48
4 8 16
42 47 54
35 146 15
30 196 12
48 195 32
60 145 81
93 162 67
48 35 87
156 178 85
141 2 8
169 181 45
31 24 78
138 35 42
118 41 94
19 88 9
177 124 48
81 194 35
155 42 29
103 197 59
29 115 27
50 85 7
101 115 49
175 53 54
190 165 95
156 119 30
45 177 27
72 109 19
156 188 60
195 194 18
14 44 38
14 145 35
13 120 62
47 93 36
97 60 63
30 38 58
40 109 70
69 42 1
94 14 33
37 41 68
130 53 92
54 76 87
147 150 47
159 139 76
91 145 22
199 162 18
194 8 90
177 101 98
154 113 65
140 34 40
3 87 48
157 11 28
149 169 76
134 61 20
156 37 86
189 8 92
106 161 9
49 136 74
10 53 25
199 55 18
12 138 5
120 49 34
150 6 38
120 46 84
96 13 71
150 118 31
117 143 34
187 129 49
67 105 66
34 124 74
186 135 17
109 32 69
92 158 50
89 55 78
93 151 41
104 101 40
54 195 35
8 26 49
153 36 50
88 23 60
113 108 49
11 177 40
90 66 17
192 158 66
106 39 82
115 93 68
67 185 2
124 193 6
110 146 92
194 124 98
24 134 50
188 2 47
177 76 99
48 167 55
91 34 75
69 158 4
73 45 10
113 19 65
128 189 85
75 14 37
175 178 70
141 9 63
42 185 55
158 10 84
166 77 87
160 123 83
101 195 23
12 108 52
109 14 33
130 88 11
62 64 26
195 181 92
75 24 76
31 181 57
154 124 5
88 62 19
156 162 3
69 150 48
1 59 10
98 165 83
9 28 20
124 74 89
159 82 92
157 13 29
33 77 72
8 33 26
2 101 93
57 78 46
148 175 58
81 160 70
78 34 52
56 134 63
34 93 57
146 28 21
6 60 37
104 45 86
164 46 91
174 79 6
21 4 55
33 84 54
48 161 22
40 193 52
82 4 17
6 149 74
118 155 27
107 36 91
128 199 69
27 173 8
180 194 14
110 27 68
176 51 96
53 90 55
87 148 39
168 153 36
76 71 74
44 154 26
33 82 14
156 43 21
49 129 41
26 105 62
140 158 34
48 22 17
159 166 67
197 43 4
189 63 62
