134 555
42 84 95
49 64 76
42 123 25
88 33 99
91 59 10
44 16 53
11 38 36
47 102 41
86 96 18
20 90 26
117 131 30
51 46 68
119 87 66
22 124 67
77 81 49
50 74 58
103 84 5
52 80 49
31 116 92
99 1 13
115 117 9
114 117 40
92 102 17
59 73 51
8 15 3
99 64 80
72 32 74
81 33 73
8 14 48
30 112 71
7 43 29
64 22 14
117 64 4
121 122 21
65 79 62
89 127 35
2 64 89
83 11 64
109 18 94
116 131 2
73 87 6
97 16 40
104 82 65
27 69 54
107 133 67
116 38 55
5 39 75
8 71 29
44 45 67
93 110 78
70 133 74
88 95 61
78 14 80
131 41 45
121 97 6
55 28 65
66 116 99
56 124 81
90 33 83
57 126 53
104 61 57
103 98 28
67 42 73
113 122 98
93 109 24
22 113 10
71 44 87
25 49 46
134 4 51
19 10 91
97 63 69
40 115 89
27 48 88
27 110 33
68 19 71
20 124 70
134 60 88
12 35 92
46 34 15
29 2 18
87 48 79
21 37 71
3 63 52
25 90 99
119 107 59
53 126 35
50 126 89
40 87 25
28 82 18
104 111 51
56 13 78
104 118 53
132 120 3
74 94 98
75 79 40
44 131 46
52 130 27
19 119 67
71 13 14
105 116 14
41 121 60
74 40 19
93 38 80
41 111 34
112 1 9
21 128 73
6 129 99
115 13 73
77 83 84
120 4 47
5 44 75
120 67 50
85 25 39
118 16 92
61 127 10
132 14 49
100 19 43
63 83 80
10 109 85
4 94 76
113 98 1
24 34 38
109 68 39
97 1 3
95 62 29
93 9 54
84 108 23
69 120 61
17 80 34
47 83 50
80 61 27
56 84 21
14 9 47
80 55 89
28 16 78
2 108 24
123 58 93
78 76 90
115 92 84
77 4 60
83 33 62
52 88 67
4 51 26
23 131 74
126 108 4
23 109 23
12 97 79
58 40 16
6 104 13
42 79 13
27 80 89
46 83 21
22 55 43
103 46 60
15 18 96
35 113 8
61 37 16
29 126 82
89 109 34
52 16 23
47 127 73
130 122 8
80 9 68
25 62 42
4 60 89
27 121 77
38 15 58
103 53 17
114 104 11
19 17 3
3 96 55
69 41 98
5 66 99
71 93 63
20 96 12
81 72 21
129 110 4
118 28 76
81 8 85
9 110 45
64 113 44
55 131 99
5 2 54
16 72 69
53 41 38
99 71 68
47 65 75
43 48 39
92 128 91
111 87 53
95 16 97
125 20 30
62 109 15
63 74 94
107 126 77
112 40 50
4 86 89
90 79 51
19 36 53
89 96 5
84 7 7
108 131 14
78 58 25
133 71 37
125 43 12
107 104 62
25 57 5
8 96 44
73 114 52
131 18 15
7 102 76
66 25 80
10 102 21
63 50 53
5 40 46
72 96 37
129 120 88
4 78 76
40 16 37
112 12 61
12 102 2
51 33 51
37 126 41
81 54 83
94 8 72
16 80 78
124 74 56
21 27 89
98 67 30
20 44 28
43 55 87
34 106 15
48 92 23
114 38 36
94 82 88
64 97 93
128 86 9
44 107 39
121 20 28
79 39 27
48 31 47
18 64 68
20 112 68
14 41 64
11 134 11
99 13 53
49 7 27
106 134 17
105 71 99
121 15 10
46 13 8
25 30 94
10 134 18
2 13 21
115 107 84
42 71 82
14 69 89
72 40 61
102 95 87
101 31 93
88 76 8
106 50 15
53 9 28
111 10 69
25 125 74
22 116 32
82 129 34
48 67 86
14 118 27
133 35 83
133 122 78
11 43 58
3 95 92
127 21 47
80 129 85
88 17 20
33 48 2
47 96 52
134 59 89
47 7 10
124 6 20
92 100 24
59 52 20
119 129 17
105 24 37
30 111 65
71 10 77
56 6 67
107 5 89
91 51 32
26 124 88
114 39 73
23 24 42
37 78 36
45 107 27
19 127 51
40 48 36
47 61 79
128 36 43
30 17 42
116 80 33
69 53 5
100 89 7
20 83 22
134 51 73
40 90 56
34 12 26
117 59 66
65 2 89
3 32 11
54 97 53
60 115 37
123 30 74
45 133 2
24 132 83
79 37 95
47 21 4
69 87 96
17 17 4
117 23 85
96 32 97
76 21 89
11 15 92
61 122 33
78 66 61
134 63 12
17 81 54
9 48 69
86 131 95
10 114 77
114 100 95
43 60 41
123 13 37
54 29 89
21 121 72
89 22 72
75 31 98
133 10 5
38 123 23
72 134 25
83 28 90
110 16 21
15 20 19
51 124 80
83 78 7
62 18 7
20 100 65
86 88 81
118 1 38
25 72 29
52 20 85
42 80 66
44 94 79
108 10 82
25 43 41
98 104 48
17 124 78
29 25 76
80 92 35
62 116 94
43 117 55
1 108 65
108 17 59
101 75 26
83 99 34
92 12 57
69 112 90
12 7 38
125 36 19
105 47 63
71 39 93
91 39 2
115 63 20
49 11 28
109 102 35
88 121 47
57 132 26
34 42 65
133 19 12
5 25 92
27 5 14
74 3 57
85 61 59
107 14 68
57 20 60
97 19 12
89 53 54
77 52 81
53 134 46
118 4 12
11 115 36
50 54 40
99 4 61
116 110 52
68 117 7
18 79 56
123 117 21
1 9 63
126 62 73
35 45 52
18 6 4
89 5 46
28 104 5
111 85 18
73 102 25
55 69 55
90 57 55
42 8 95
134 117 64
41 84 94
112 122 66
52 15 31
129 75 52
131 13 89
66 18 9
79 107 15
74 98 63
28 10 33
43 93 67
103 133 79
67 60 1
36 61 70
108 5 49
80 85 87
104 16 90
112 44 17
76 118 82
48 11 51
101 54 93
3 106 61
71 122 57
43 108 21
62 81 58
22 111 87
78 80 28
17 7 34
12 32 63
104 79 5
22 46 23
123 118 57
89 110 33
66 122 31
46 93 2
42 52 36
66 63 17
23 32 42
124 53 42
95 34 81
36 22 40
133 60 15
119 125 77
2 121 72
78 47 84
50 38 8
111 103 52
70 125 3
108 65 3
6 25 47
36 10 1
49 9 13
121 127 7
131 78 36
98 22 91
101 21 93
20 131 77
36 17 4
83 124 78
48 79 20
131 114 4
50 112 87
29 49 99
83 45 72
122 92 8
24 58 40
98 28 1
6 63 9
72 95 4
119 8 28
89 88 57
69 88 35
57 66 72
72 98 45
30 86 25
43 59 95
126 22 63
105 111 80
17 49 47
1 117 63
14 71 79
7 6 88
61 12 7
79 33 38
91 62 17
10 54 34
121 45 80
25 16 33
125 116 94
51 66 39
19 30 90
124 120 49
82 46 97
21 124 39
8 30 41
27 60 89
129 84 75
23 75 72
100 75 88
24 93 44
19 32 1
103 63 90
65 34 83
9 41 24
73 47 14
77 125 20
11 13 31
95 112 93
110 2 72
20 104 42
49 23 92
123 37 27
86 45 80
58 81 28
48 23 35
121 117 21
134 27 80
17 105 20
79 19 37
19 91 97
126 42 40
5 69 3
123 77 98
18 124 17
38 110 31
104 59 12
63 45 45
58 62 74
106 90 99
92 108 9
80 53 54
103 125 47
73 9 78
98 130 65
56 99 34
91 111 80
27 34 73
67 5 55
126 46 14
92 109 75
49 54 20
74 107 15
126 45 86
82 92 72
98 14 88
121 54 17
134 12 69
