35 250
31 6 68
6 26 15
30 13 67
23 5 83
8 4 78
6 10 56
15 23 63
7 4 46
17 17 61
16 10 33
14 17 95
27 23 53
5 29 49
30 16 37
7 35 53
30 19 54
2 3 68
5 19 87
31 12 24
34 25 96
7 28 10
5 32 75
4 26 31
7 10 75
25 32 25
18 3 7
32 16 26
27 20 31
25 27 3
22 2 89
1 8 63
13 24 34
19 27 70
28 33 54
15 16 44
23 13 68
34 16 76
34 4 58
29 16 57
17 28 76
2 23 64
24 16 55
32 29 2
31 30 51
23 21 2
20 31 58
18 2 39
23 18 50
28 19 67
24 19 19
29 27 79
20 4 71
35 27 1
23 26 90
28 10 73
35 4 40
23 3 51
15 30 37
6 30 69
24 20 87
8 23 74
33 35 30
4 22 24
8 26 90
20 25 65
3 16 2
29 21 60
3 10 91
3 11 96
7 18 23
22 27 22
24 15 45
7 34 31
29 30 55
30 33 67
25 3 32
15 5 71
13 3 67
21 24 98
28 16 53
30 23 65
16 16 36
3 22 77
5 11 27
27 3 51
1 19 49
20 8 11
33 29 8
2 21 65
25 19 12
27 5 12
33 7 14
25 11 43
19 15 54
17 15 40
22 12 91
18 9 34
24 12 3
15 26 33
33 14 75
24 3 5
18 14 6
28 13 4
11 30 82
34 19 41
31 7 31
16 25 11
19 10 8
11 12 60
29 6 7
26 10 94
12 33 33
26 2 96
20 18 7
31 31 88
21 14 53
2 1 44
3 29 10
30 32 91
11 20 77
15 35 52
4 25 24
25 21 49
1 17 37
34 14 60
18 15 21
25 29 46
35 11 1
31 32 14
34 23 18
27 26 41
34 15 46
23 16 44
20 26 31
7 8 16
29 9 53
22 22 52
8 28 42
6 3 94
3 30 5
1 5 71
8 24 68
2 12 54
21 33 20
30 18 39
3 3 86
31 3 89
30 28 98
4 29 3
13 26 47
8 31 47
27 33 35
6 5 24
1 21 58
35 13 83
34 8 28
4 23 8
20 33 74
12 10 75
13 12 15
19 19 35
1 11 27
9 28 96
17 4 69
10 2 30
14 12 43
35 24 81
5 20 28
14 5 98
27 24 81
3 5 8
3 14 24
22 20 28
28 3 18
32 17 7
35 32 22
9 1 19
28 26 57
14 10 8
33 31 61
33 1 49
34 32 46
12 6 99
32 15 5
6 18 46
31 9 49
11 6 10
33 16 62
11 14 37
6 13 76
27 1 62
10 33 73
4 33 39
24 31 56
14 1 6
34 31 93
6 6 41
33 15 76
12 26 15
35 8 60
28 34 46
6 24 10
15 12 63
28 15 47
35 26 62
30 10 65
14 16 79
8 5 37
18 17 39
9 9 75
26 21 64
25 14 93
27 9 66
2 34 40
34 6 47
32 26 46
27 28 19
30 1 24
24 4 29
9 2 49
7 3 40
6 14 18
2 30 47
26 30 39
16 21 11
33 8 7
1 32 11
29 19 1
13 4 48
24 17 58
13 7 6
33 22 55
18 32 91
29 10 11
17 12 20
24 1 97
25 6 12
32 32 43
18 28 47
8 18 95
23 31 60
22 23 7
1 16 54
31 16 49
19 23 43
14 19 10
14 31 48
26 1 68
20 29 12
17 19 99
