193 3751
142 142 29
103 161 38
143 132 79
152 71 56
68 151 83
34 42 47
39 13 50
106 107 16
66 18 45
182 135 68
134 30 63
134 78 60
189 27 8
94 179 24
112 192 9
15 33 45
45 71 37
77 123 27
81 188 35
135 176 88
29 63 87
118 3 54
120 138 93
61 38 3
18 149 45
180 109 15
136 100 24
50 122 89
71 9 2
108 89 16
87 117 45
180 41 14
19 107 60
162 167 62
97 185 73
169 117 80
81 5 23
63 193 54
113 70 89
157 178 67
75 17 61
110 4 28
93 161 27
20 75 69
123 117 71
181 92 42
101 172 24
120 180 53
68 99 56
163 8 62
99 83 59
13 138 35
53 37 43
5 2 72
70 70 25
72 3 44
190 104 45
65 169 49
79 182 41
162 97 26
36 3 16
11 154 54
183 152 54
74 157 75
40 172 79
121 51 37
101 186 27
6 4 73
90 82 25
79 50 74
76 31 85
101 41 15
70 169 93
75 50 45
166 89 38
187 16 42
157 63 96
36 68 22
30 157 75
13 181 9
92 64 79
119 110 48
52 180 51
191 7 26
46 173 47
73 112 33
95 75 30
110 111 78
128 140 29
173 98 19
74 189 72
5 60 3
116 112 66
148 55 11
36 101 14
151 119 50
88 159 58
88 22 61
100 95 32
22 75 96
124 148 27
42 99 4
69 160 42
29 114 35
188 95 26
79 52 52
135 139 54
19 172 27
152 25 87
39 185 16
23 61 14
141 102 61
72 170 5
114 144 92
157 138 52
52 23 28
66 104 50
130 68 50
22 27 5
8 11 43
69 33 79
169 119 83
35 191 61
6 57 74
90 20 31
21 72 46
3 83 66
123 19 49
114 40 52
129 186 9
81 7 13
93 175 89
13 16 43
103 160 11
89 56 27
158 76 18
57 78 32
5 147 21
160 13 11
147 142 88
91 29 69
12 122 64
52 134 34
35 182 78
129 23 95
188 127 29
71 183 8
36 134 78
19 100 90
126 192 49
86 35 92
192 186 98
87 44 50
136 25 8
151 153 41
168 93 82
68 109 75
130 144 86
145 108 61
94 71 66
44 16 14
7 102 82
49 44 16
80 1 22
80 169 27
151 182 48
19 118 13
159 69 41
151 186 43
142 86 8
113 75 98
76 81 78
82 130 82
59 155 84
187 180 80
107 138 98
188 102 42
112 68 90
142 25 35
158 112 21
190 31 38
98 52 84
53 134 12
190 138 21
134 131 55
193 183 94
185 178 16
102 96 99
32 183 9
148 147 89
103 143 8
78 186 76
133 184 74
71 126 18
163 67 26
48 12 27
156 3 65
33 50 54
116 82 34
169 175 49
141 30 1
36 107 88
36 186 90
115 63 86
84 32 59
183 25 89
79 180 77
44 19 60
104 80 31
154 56 24
103 142 55
1 177 62
31 19 31
191 79 70
90 162 98
55 98 73
170 122 83
40 166 50
153 76 66
100 36 40
168 138 62
18 85 37
167 61 40
62 58 45
72 147 67
6 147 33
18 123 66
155 109 33
64 14 86
53 60 57
96 173 95
34 190 1
10 109 58
89 170 58
107 188 84
179 139 97
16 156 82
114 63 18
44 73 61
189 125 40
123 166 80
1 7 35
156 155 61
124 50 93
94 49 94
41 162 41
43 152 61
112 147 19
186 76 56
46 22 30
41 123 79
90 193 40
116 95 58
132 155 94
144 3 8
165 45 69
64 102 69
88 40 57
30 31 32
171 17 89
26 106 87
123 168 81
74 2 58
113 134 11
61 30 26
116 1 16
130 65 41
43 98 41
170 127 97
126 50 41
12 21 30
89 89 60
68 162 28
109 81 5
111 87 86
61 149 14
1 31 42
42 19 92
68 188 19
70 121 46
88 132 53
18 27 81
62 41 84
161 149 63
146 12 8
160 72 27
121 72 85
146 59 54
75 72 86
76 141 13
72 35 21
88 191 95
192 59 19
157 165 46
9 63 85
86 169 60
65 96 87
73 188 2
46 15 47
13 91 17
185 108 51
102 3 80
184 140 59
114 103 17
137 57 57
172 143 64
84 14 53
14 32 64
140 77 87
6 35 40
150 26 67
82 73 21
150 64 77
29 123 27
73 66 26
180 183 83
14 74 26
83 33 39
92 172 71
170 123 13
36 80 69
64 107 65
40 9 92
156 37 72
127 110 46
154 42 1
77 1 92
12 30 10
172 121 49
162 43 61
132 79 59
73 142 96
87 128 47
164 36 73
116 162 90
134 68 53
87 144 26
113 156 60
117 80 18
99 48 89
150 125 12
87 5 49
76 91 21
73 8 6
107 123 26
56 9 8
186 95 29
123 153 19
143 76 16
36 121 87
111 77 48
125 110 61
173 185 93
171 117 52
47 118 94
45 56 59
79 178 38
74 73 38
149 55 7
25 165 5
164 43 91
114 22 59
100 121 55
94 44 51
156 91 39
33 81 69
5 159 63
76 40 84
168 188 47
187 158 38
35 74 71
132 133 91
27 40 20
125 79 62
38 180 42
122 19 68
15 163 66
32 45 54
175 158 51
125 151 37
46 131 61
149 69 84
79 41 97
76 111 34
63 148 41
139 77 12
103 37 6
172 68 57
86 188 4
134 119 49
93 111 99
125 66 44
96 90 41
53 166 45
33 35 5
193 119 58
178 29 74
78 146 11
22 38 55
69 118 48
73 17 31
153 141 70
109 43 60
106 41 17
20 74 5
81 73 59
165 57 55
38 134 52
171 101 5
106 169 62
52 187 60
161 146 59
35 62 41
52 167 7
180 186 84
95 19 18
128 183 14
136 27 79
95 5 65
92 56 78
13 107 63
89 21 17
112 55 87
178 52 12
37 177 36
162 78 65
166 151 54
118 39 80
64 134 49
56 171 15
162 184 27
68 25 15
119 137 45
178 67 79
16 49 32
125 17 5
113 128 56
36 52 43
125 61 12
164 62 68
66 30 73
20 43 86
133 161 61
107 91 41
78 53 28
32 177 6
9 96 91
82 77 1
1 148 6
53 118 75
29 129 83
187 94 92
123 33 19
141 85 45
86 108 85
25 85 74
173 93 74
147 121 39
33 121 47
118 120 49
17 148 52
138 87 88
108 17 66
185 157 32
159 189 62
131 159 84
86 85 3
136 38 72
154 71 34
127 134 95
163 97 24
134 41 93
145 149 87
189 86 66
70 190 69
4 127 18
23 19 22
27 100 70
11 60 60
62 132 96
39 101 55
163 42 19
181 186 76
106 127 45
188 142 71
18 146 38
7 114 15
79 86 77
189 97 62
122 158 16
135 4 82
189 112 20
145 45 10
141 151 17
29 145 76
106 109 45
62 115 7
36 139 65
109 135 91
188 9 15
12 89 31
129 85 63
41 175 99
84 69 33
60 43 25
124 149 41
140 156 4
162 138 30
130 53 90
140 186 45
60 143 90
123 79 79
104 65 30
129 94 15
58 153 80
131 30 96
65 115 1
59 83 4
191 158 82
72 50 98
100 110 65
162 39 64
62 142 15
82 23 22
170 80 3
107 17 30
139 27 50
79 31 69
17 29 46
92 100 75
160 145 66
124 59 50
165 66 87
24 147 77
25 176 32
104 121 59
105 6 35
134 161 88
73 5 10
116 111 39
160 41 69
49 151 74
25 174 83
24 95 11
102 119 38
88 169 61
101 26 76
145 159 86
23 177 74
140 100 35
153 12 34
86 61 31
31 85 46
68 54 91
34 101 71
176 189 16
190 96 72
156 186 8
88 16 68
25 101 28
18 60 46
51 92 79
42 68 11
152 135 18
163 168 52
45 150 42
42 93 48
117 55 7
104 142 3
74 113 46
89 76 71
115 127 50
148 114 50
72 72 58
188 180 81
38 18 49
99 135 28
98 184 79
58 64 76
118 98 51
44 158 40
8 112 69
38 129 82
41 142 9
28 180 6
108 31 35
187 74 6
161 131 83
193 55 95
108 44 84
94 51 32
1 35 46
171 183 41
81 169 70
21 3 72
117 56 96
155 189 43
182 102 18
26 48 60
105 101 42
149 1 12
58 140 21
95 64 23
62 144 1
170 110 11
18 172 3
34 133 99
124 68 82
96 39 20
69 89 67
85 45 62
97 48 69
90 142 73
71 10 43
167 125 86
72 142 9
171 122 44
73 191 98
22 39 52
18 107 2
114 191 30
156 41 68
145 130 60
143 7 46
91 173 92
94 190 74
76 168 87
82 186 72
155 14 45
73 170 62
79 90 69
22 191 76
65 143 3
57 92 68
3 129 75
74 29 32
40 50 38
72 131 94
102 92 79
151 135 64
76 156 87
180 27 55
81 29 40
74 171 79
46 51 65
153 36 98
42 54 27
61 155 44
94 77 4
102 34 4
146 56 72
187 42 81
123 69 86
96 142 34
5 133 14
81 92 2
152 79 83
161 86 28
154 179 79
117 33 97
160 178 54
165 117 21
142 46 1
148 88 58
131 38 70
111 64 64
72 22 79
86 129 9
7 89 30
143 151 58
119 117 57
151 88 8
116 36 72
10 184 81
184 67 19
50 177 43
146 55 54
128 86 79
141 38 58
139 180 95
170 106 90
131 9 17
15 70 54
84 79 87
186 15 50
132 10 57
141 155 6
118 90 82
168 37 9
60 122 69
155 44 56
66 120 24
63 134 92
42 164 60
150 102 84
132 41 35
43 127 73
8 190 77
5 165 57
179 31 35
146 131 73
25 3 25
190 12 96
92 53 59
157 10 93
43 87 13
131 129 61
126 82 92
18 33 82
139 18 89
80 163 7
118 133 26
28 129 62
71 166 69
31 75 33
38 117 3
85 193 35
65 125 36
181 142 80
75 33 79
84 112 2
31 175 96
119 9 89
164 80 70
122 56 98
120 177 79
86 187 39
187 175 14
19 2 54
18 62 20
53 180 36
23 96 48
104 24 10
12 144 18
36 17 80
59 102 60
152 41 46
1 59 22
76 65 71
15 28 4
182 80 42
57 102 48
65 151 88
20 162 95
121 4 72
97 8 50
121 159 66
71 160 96
162 42 20
145 56 37
135 183 42
111 186 24
182 57 50
169 77 17
106 143 83
59 47 25
5 113 77
45 129 57
35 44 14
89 188 47
170 76 75
83 186 33
97 121 65
7 147 99
176 155 31
36 145 49
2 179 70
8 20 65
155 135 34
98 24 22
172 120 71
109 187 72
69 139 20
157 15 11
116 50 69
149 190 51
33 5 77
50 105 80
142 9 4
172 180 70
130 41 24
74 55 80
165 171 25
19 80 77
28 141 14
126 43 89
65 70 45
55 18 44
13 135 49
37 17 20
192 91 41
100 62 12
39 26 27
132 192 15
27 125 25
7 151 76
6 151 14
99 164 57
38 146 77
103 90 43
84 189 74
181 174 52
110 58 86
180 84 43
99 1 75
185 98 69
15 179 61
83 89 32
48 172 9
159 105 11
102 160 16
44 93 39
110 191 63
15 175 8
71 112 18
84 75 36
152 35 9
172 117 56
88 110 17
139 75 2
150 166 35
20 28 23
84 43 20
46 113 4
105 142 84
112 100 18
158 78 82
46 165 15
50 111 90
159 33 59
180 129 6
100 148 70
156 38 25
140 29 30
42 79 48
157 190 97
113 101 37
131 92 95
65 141 82
158 52 6
40 177 79
34 29 40
55 131 50
118 77 17
46 64 55
115 166 1
90 85 63
88 161 94
3 171 10
29 135 11
57 153 9
143 14 58
20 131 3
65 176 43
134 97 59
6 132 68
118 165 50
127 168 21
84 142 66
39 66 48
31 122 68
190 71 96
40 37 53
158 47 71
147 126 92
53 131 16
183 1 75
106 157 64
66 2 80
92 171 89
132 114 30
131 153 50
67 117 65
125 16 30
18 4 66
28 35 91
98 140 27
115 152 86
144 50 94
100 127 61
73 64 46
83 147 9
16 179 88
26 3 51
175 170 49
65 20 97
57 80 66
190 30 98
54 130 63
30 148 54
105 37 25
49 65 42
8 27 97
121 191 5
43 172 38
139 182 61
182 184 37
128 127 42
124 180 67
193 155 40
132 12 7
93 60 34
7 14 50
46 134 96
88 176 37
190 122 62
119 56 2
181 183 34
164 60 58
30 59 29
97 136 95
146 35 99
12 41 53
152 87 42
41 120 16
48 116 22
42 41 58
27 167 88
84 84 10
73 113 82
163 16 62
125 107 71
38 118 48
19 22 90
132 63 97
174 110 11
90 151 86
7 124 59
161 153 72
126 33 90
96 2 51
61 72 62
7 109 56
186 127 77
11 12 28
148 131 38
153 167 72
6 173 31
165 86 45
20 158 71
127 60 38
55 120 38
90 72 71
188 64 91
60 74 36
49 167 22
38 127 71
124 78 38
140 49 14
116 15 3
123 141 87
24 141 28
188 176 96
21 170 37
120 176 41
168 14 35
134 138 19
165 84 13
142 6 92
29 75 44
168 98 21
40 38 81
123 59 81
77 124 96
135 80 86
15 159 69
111 130 32
62 24 12
164 26 80
109 12 41
91 80 37
134 102 58
159 97 36
21 39 94
174 53 3
79 109 98
13 116 91
145 35 83
107 114 51
93 150 43
137 36 79
111 1 96
82 160 99
131 141 21
92 26 76
129 177 81
189 128 23
53 178 44
82 38 65
80 20 24
54 76 36
70 157 53
179 95 58
38 132 23
6 67 76
35 8 30
98 7 62
167 34 52
48 48 40
78 127 63
144 126 77
18 2 15
190 126 73
116 164 55
32 149 60
178 192 58
62 111 10
176 158 60
173 43 56
134 132 72
171 95 4
172 91 50
19 152 30
137 56 21
75 87 99
20 72 89
110 133 29
179 62 88
49 180 27
44 120 67
165 98 49
94 22 19
148 179 36
119 123 21
149 4 51
81 162 51
11 24 84
51 148 97
2 3 34
188 47 55
38 111 84
185 11 80
98 75 74
67 170 21
68 57 73
140 67 93
97 63 87
116 65 14
120 59 26
110 53 28
105 45 67
32 88 44
80 154 80
78 167 71
43 113 8
171 156 13
114 24 77
5 89 24
82 86 23
36 2 17
186 53 28
99 30 91
86 109 25
50 132 80
15 121 5
186 98 83
83 161 22
191 49 69
176 31 84
106 162 50
79 67 46
140 152 45
108 147 66
188 162 82
187 100 84
95 78 61
164 160 25
183 157 95
179 86 74
177 191 84
172 22 92
143 162 41
29 22 11
185 155 72
76 148 31
63 188 1
14 159 54
176 80 13
119 63 52
168 180 65
91 129 42
165 103 7
138 95 39
80 116 42
12 178 97
22 137 13
190 14 11
75 190 57
184 61 35
97 174 95
171 71 82
19 181 40
28 126 32
190 151 40
60 162 47
64 183 13
32 126 63
40 7 94
181 191 75
83 40 91
165 17 33
182 175 40
54 9 23
160 144 49
187 150 52
6 159 31
47 136 35
101 176 85
97 109 93
153 192 5
135 163 89
188 97 84
175 150 96
93 116 64
162 110 32
145 61 92
63 107 59
53 14 39
49 110 90
42 15 45
159 96 99
154 36 32
76 17 82
165 24 60
140 114 71
27 122 26
49 174 84
192 29 39
111 16 66
168 175 50
139 81 27
68 103 34
92 54 92
177 25 50
179 111 60
48 83 47
162 77 51
97 75 51
88 185 42
93 105 29
139 51 94
166 64 24
17 101 15
116 30 26
184 15 90
118 62 98
174 31 9
156 73 55
166 160 33
138 5 79
37 89 97
156 62 17
183 78 17
17 140 75
15 76 49
68 1 9
11 174 78
168 136 42
14 54 38
183 138 32
70 174 71
93 82 85
178 72 4
63 34 21
31 48 84
152 116 51
88 72 72
193 46 92
178 59 62
129 48 26
30 64 8
20 156 98
71 86 28
92 148 2
58 124 48
100 83 53
142 116 17
110 116 46
159 100 92
69 174 92
61 10 20
34 30 70
35 46 62
52 137 10
49 141 87
94 47 42
60 189 79
44 105 78
160 85 10
102 145 9
53 125 48
105 105 7
50 102 88
142 151 14
110 51 64
107 56 87
26 99 55
6 171 58
85 138 58
90 185 77
104 184 22
94 95 92
75 144 11
192 38 82
64 94 49
121 7 66
173 171 45
28 176 35
147 13 23
102 102 1
9 151 88
179 190 52
13 71 52
142 70 99
173 79 74
8 145 23
145 124 20
79 151 41
184 50 63
179 152 91
166 106 34
88 38 38
19 137 35
109 63 27
99 70 49
153 45 94
54 36 30
106 21 48
14 27 87
13 77 17
83 95 30
113 149 2
29 54 85
163 192 17
2 191 42
83 49 41
69 60 7
106 20 33
41 32 67
177 173 13
59 147 94
149 180 30
66 149 32
113 150 45
1 179 24
49 193 65
36 105 93
48 91 52
83 7 46
20 184 11
51 188 73
81 90 80
151 155 20
27 20 83
99 69 17
165 104 61
57 98 21
49 145 57
96 29 9
28 179 40
163 151 70
8 189 41
169 41 94
191 12 32
15 15 89
177 134 32
98 128 14
138 71 35
79 98 92
66 14 53
140 132 58
91 93 99
140 76 19
121 119 59
192 19 31
72 156 9
119 180 68
152 191 30
127 114 5
99 60 28
82 96 9
79 181 65
155 54 8
26 53 86
11 124 67
120 189 53
25 147 83
137 95 25
160 167 21
179 72 61
29 99 79
24 177 64
67 109 29
166 65 74
34 130 11
27 155 29
18 44 79
24 10 27
128 163 96
30 118 61
163 157 74
159 136 36
96 108 68
40 126 4
163 149 14
120 99 6
95 172 5
169 133 16
172 108 7
67 120 25
80 31 7
83 126 73
132 111 11
85 80 37
175 47 80
132 22 34
28 193 97
181 64 11
131 131 1
184 17 43
178 45 46
172 176 36
152 13 91
173 144 37
44 125 87
87 10 37
124 37 54
21 24 3
68 101 95
41 91 8
44 21 74
118 193 59
40 22 8
115 66 89
78 28 93
166 187 37
70 61 23
104 47 74
86 153 68
173 107 4
49 168 74
135 157 84
37 180 66
169 152 13
23 28 34
31 77 32
75 122 43
85 14 19
95 13 88
8 185 43
81 180 18
166 121 3
16 158 26
32 79 49
42 101 66
5 77 74
68 97 80
58 181 58
62 28 62
80 174 59
150 8 57
1 173 41
147 188 25
86 26 2
123 14 4
188 18 55
28 31 26
43 88 18
72 96 97
60 175 55
39 131 94
4 77 88
174 30 21
116 61 53
81 184 98
93 124 92
180 151 62
171 193 49
95 18 72
185 77 17
87 64 14
144 183 81
141 105 55
110 132 82
91 31 25
10 187 65
72 34 98
36 165 19
66 34 88
33 67 58
94 104 49
119 159 94
133 56 9
78 37 42
158 118 69
161 100 73
47 165 90
186 5 14
2 26 29
140 66 55
189 184 45
176 123 95
139 146 95
64 17 11
176 174 85
75 88 90
191 80 44
40 73 67
148 20 73
26 159 44
145 100 31
37 28 16
123 112 25
52 176 13
28 104 44
97 122 48
98 161 24
50 62 1
27 33 50
15 177 19
186 159 1
178 88 97
123 140 57
84 113 98
26 125 89
139 28 3
139 125 26
18 174 69
5 160 55
192 98 94
21 83 71
77 42 34
49 13 15
83 43 68
128 60 47
126 61 24
17 11 38
31 149 18
149 169 79
22 130 45
174 153 24
138 152 69
112 42 94
18 115 58
183 48 64
161 10 56
51 179 56
39 134 62
1 102 68
114 28 35
74 24 56
47 161 20
62 80 28
96 32 11
26 138 17
160 189 74
55 173 73
65 174 88
12 94 97
56 167 35
108 159 10
119 27 36
116 6 79
174 48 85
86 73 79
8 178 95
54 179 47
74 7 46
79 170 14
77 41 79
153 103 49
25 83 82
14 169 39
1 122 75
122 121 47
29 160 14
56 179 44
175 174 70
165 81 2
88 180 50
16 150 96
185 163 48
125 109 22
49 37 91
13 12 28
111 67 21
22 187 64
189 154 92
85 71 13
21 158 61
60 119 15
127 56 58
115 180 70
31 36 46
13 187 27
154 104 33
88 125 10
87 66 12
145 150 52
36 171 10
78 55 4
20 169 57
17 145 70
104 157 84
148 117 17
11 151 5
6 44 20
101 134 14
93 166 86
39 190 9
94 155 99
28 171 76
51 27 34
13 120 96
24 76 83
106 82 58
6 128 15
109 145 61
136 44 58
153 122 1
136 149 75
17 146 86
107 104 60
13 74 25
69 125 95
115 130 75
101 45 21
112 23 56
19 121 83
81 9 70
66 25 89
23 78 21
100 90 81
60 159 72
46 26 13
171 164 64
32 83 45
114 47 65
70 127 24
121 138 94
36 13 67
22 18 47
78 64 9
124 169 62
107 146 71
76 123 88
101 5 2
58 125 70
40 55 26
45 90 24
86 58 89
91 135 16
68 12 77
115 118 94
79 139 4
125 43 55
25 143 34
136 7 8
191 186 66
106 37 26
33 68 68
116 159 65
70 172 28
137 93 66
103 118 44
137 49 6
106 19 12
133 154 87
177 98 22
82 10 28
77 181 69
20 103 94
98 172 6
133 62 69
38 110 53
81 53 45
38 43 42
164 27 20
88 108 29
188 130 94
163 96 5
48 139 71
105 79 75
146 62 7
165 89 72
178 7 21
149 154 75
184 48 51
121 43 41
98 151 6
124 5 14
129 55 91
140 7 98
68 171 81
186 102 41
22 118 89
93 73 12
136 10 30
39 130 68
18 173 98
38 50 11
58 178 14
101 70 70
13 83 37
13 22 55
105 43 96
47 81 9
89 162 4
178 146 13
150 147 54
134 11 60
173 112 20
26 124 40
134 83 90
11 187 89
90 179 25
49 74 69
17 58 72
168 75 81
131 16 6
79 188 34
42 159 68
33 99 84
100 55 27
42 193 56
90 156 84
91 161 28
8 81 86
18 19 65
169 30 94
176 62 49
73 107 93
101 14 27
115 55 51
10 90 72
101 127 98
171 80 56
69 97 1
121 134 91
168 109 46
43 56 52
154 156 83
23 24 19
170 172 28
161 2 48
71 17 15
137 137 84
192 111 88
82 43 93
88 86 80
93 46 77
164 15 64
43 184 92
11 75 48
51 182 57
170 59 5
193 141 53
157 85 79
121 167 77
122 7 95
178 99 25
76 112 46
126 68 57
62 64 25
138 40 3
176 40 93
157 142 81
56 69 18
191 136 3
163 120 86
181 14 52
159 89 22
127 22 17
62 29 18
38 112 69
19 94 88
86 3 56
44 59 58
169 2 87
53 164 22
89 152 40
141 63 6
56 136 6
178 4 88
169 180 11
7 5 78
77 36 38
41 80 69
19 1 51
32 87 69
85 173 17
172 175 68
61 80 68
7 87 45
185 109 95
172 150 4
25 114 87
173 84 62
163 38 56
34 70 66
187 76 40
187 82 47
137 73 71
123 52 69
134 22 96
145 38 41
100 18 20
142 57 75
109 165 11
3 145 27
55 138 14
132 131 79
182 4 13
163 137 82
64 35 63
18 134 27
55 28 42
12 82 24
7 84 40
18 84 66
50 23 70
24 125 95
17 113 34
7 82 92
18 145 53
13 108 62
163 162 80
177 174 97
163 126 69
45 89 63
119 138 16
75 108 72
105 124 2
138 77 76
115 40 88
17 52 80
53 22 67
63 144 30
154 59 72
27 104 22
38 168 95
17 49 67
120 154 36
142 98 15
192 175 2
53 173 97
75 42 11
152 12 78
12 29 73
118 148 73
101 43 16
159 40 88
21 36 47
83 111 74
96 134 20
168 177 54
95 81 38
190 93 85
86 156 66
135 63 82
34 168 8
91 92 27
75 58 20
39 141 56
183 43 60
135 156 4
8 58 8
136 85 44
33 165 75
27 5 74
6 96 22
161 116 18
159 154 57
20 143 52
153 31 64
76 38 97
26 68 24
13 149 18
156 181 52
115 153 41
130 37 30
50 3 80
98 155 54
109 38 5
122 9 69
135 21 31
177 177 54
137 44 22
160 192 31
114 123 49
182 136 32
118 64 90
66 5 25
24 128 83
54 17 35
97 117 58
51 29 71
76 61 88
84 175 68
147 157 61
118 145 31
72 15 71
34 81 9
17 50 56
121 103 65
76 6 78
12 3 60
193 78 92
7 161 2
190 61 68
154 124 44
59 3 37
28 36 11
141 52 98
187 119 52
3 1 90
73 12 53
138 156 63
85 98 70
134 4 82
95 90 92
136 37 5
33 170 44
171 118 46
68 190 64
159 114 69
81 58 49
5 167 92
24 54 46
184 148 98
187 37 62
133 69 85
58 186 36
122 6 91
4 164 12
174 191 84
59 107 9
180 111 52
112 81 58
52 71 61
94 142 87
82 145 59
79 73 71
97 6 69
102 132 76
26 189 66
4 48 62
75 75 55
43 168 51
25 2 91
139 80 22
10 151 2
99 137 2
77 179 68
22 33 74
24 4 10
51 7 17
149 81 96
97 40 34
189 124 12
107 133 29
101 178 99
181 61 6
73 83 51
43 52 90
62 48 76
20 4 73
106 152 45
119 189 46
151 103 2
140 149 31
158 136 93
160 154 57
40 10 81
30 29 67
47 80 13
133 191 64
10 62 13
65 19 82
5 105 70
176 15 75
160 174 68
173 175 20
43 21 39
154 190 38
178 121 79
142 131 57
72 73 32
115 39 2
180 7 52
57 106 97
101 73 87
171 57 68
36 192 87
129 53 73
80 124 5
44 46 72
128 164 35
1 150 88
33 152 12
61 6 70
77 176 80
180 63 34
147 138 74
140 13 41
115 141 9
192 87 6
82 119 70
145 62 31
22 168 19
43 154 62
8 54 23
164 10 19
58 150 81
136 17 13
131 15 88
130 172 19
45 123 56
81 144 37
5 132 77
131 85 67
8 56 75
186 113 3
184 2 24
74 78 69
51 105 29
145 41 8
171 85 79
65 165 22
72 116 27
6 7 5
53 128 57
1 9 81
48 5 14
51 149 20
117 72 43
113 82 10
6 153 40
30 138 93
84 89 91
55 16 52
30 68 58
6 14 19
144 61 25
54 57 32
143 173 60
70 39 61
13 19 66
164 102 12
74 102 80
122 131 76
104 82 17
40 32 72
119 31 69
153 120 17
66 135 88
7 49 8
46 8 1
29 171 93
46 191 91
24 119 26
15 168 51
158 153 50
168 78 32
126 176 20
117 49 54
39 1 43
3 46 28
125 20 99
155 65 50
39 34 30
193 187 98
182 97 70
9 17 73
144 142 35
67 65 16
70 49 74
67 52 83
72 176 5
54 83 49
22 67 23
39 55 40
154 9 20
99 152 31
2 40 79
116 107 11
153 177 87
149 155 14
37 160 52
100 66 61
126 110 42
137 82 38
170 5 43
6 172 60
18 131 88
111 32 73
78 155 48
111 191 5
144 43 15
185 114 51
185 20 47
155 102 15
164 24 30
172 30 73
163 47 52
84 103 10
158 181 44
161 44 77
75 188 48
55 179 74
143 170 84
119 131 68
38 48 97
45 26 88
31 134 19
47 128 79
102 41 5
45 115 5
31 169 42
141 44 59
114 27 96
57 18 5
167 48 43
131 140 2
143 186 52
3 40 39
45 31 66
82 61 48
50 137 36
187 85 74
15 144 79
29 146 75
14 120 36
133 3 15
167 145 17
135 93 87
4 83 3
31 159 80
139 99 2
98 59 37
83 34 85
31 47 32
106 98 54
124 39 86
182 181 90
23 60 76
118 36 79
102 175 56
49 107 91
20 137 49
56 108 74
94 159 68
29 89 82
2 24 51
4 185 42
169 55 1
191 156 59
119 132 96
105 181 87
124 146 5
135 9 83
78 48 36
65 77 78
175 24 96
79 27 92
43 141 70
181 139 10
57 168 13
113 44 93
112 178 82
110 63 76
19 73 28
16 54 23
176 78 46
80 120 77
152 105 42
12 161 92
51 80 33
182 137 10
128 192 97
68 17 60
122 154 13
80 40 92
178 77 23
67 171 31
12 51 14
74 118 1
99 8 70
178 75 20
87 154 37
115 84 91
142 111 95
81 136 56
180 133 86
111 145 78
125 157 12
138 176 64
167 81 60
141 97 96
39 19 57
162 47 49
163 172 10
66 160 64
84 104 62
165 77 66
60 3 54
168 143 40
183 127 13
89 140 96
51 108 45
148 23 50
185 122 32
174 187 17
125 77 19
59 48 36
19 53 38
182 167 44
56 156 88
141 190 62
139 47 62
129 141 41
97 132 83
47 112 65
156 183 4
121 187 54
163 12 78
154 193 98
94 56 9
106 142 67
65 87 67
130 161 57
164 65 46
126 57 42
82 19 13
114 139 18
85 55 21
109 15 76
52 108 21
97 20 66
138 84 7
171 160 84
152 130 49
17 63 32
186 144 47
98 10 16
111 95 41
165 146 81
166 188 71
169 132 76
12 110 57
168 169 39
184 107 88
142 152 27
114 125 50
21 97 52
33 72 14
74 30 8
135 184 84
169 94 69
16 118 27
12 66 83
47 187 55
122 107 22
95 74 2
117 52 59
99 35 32
48 149 4
50 165 66
63 122 35
172 114 76
103 42 31
103 82 76
179 98 62
65 3 36
54 190 90
83 46 11
175 54 96
140 172 76
182 27 90
138 129 88
59 189 21
31 170 3
21 111 5
10 193 97
163 175 12
136 67 26
83 55 98
17 139 50
171 4 78
138 35 44
24 107 44
8 94 89
134 114 9
62 123 3
175 38 38
95 173 47
109 163 46
107 140 37
100 84 66
16 108 54
172 61 65
191 1 30
181 9 38
62 129 97
118 169 5
185 107 35
60 161 76
19 74 15
117 135 56
166 113 91
61 110 87
15 43 47
37 104 69
96 167 61
26 105 51
17 164 36
116 129 65
44 172 31
33 145 55
28 151 76
163 166 1
113 148 31
138 51 4
138 22 65
70 100 18
162 14 88
40 57 99
192 35 4
15 9 65
141 171 9
61 37 71
31 120 49
114 64 46
71 75 67
63 28 8
18 41 59
137 127 59
35 187 47
81 164 93
68 84 57
131 190 88
178 68 23
184 185 2
153 180 86
61 87 20
136 121 45
192 147 37
36 22 97
27 98 93
78 29 45
9 106 65
122 42 43
69 1 76
180 50 70
139 56 88
30 137 37
54 136 87
48 117 86
125 143 81
6 27 62
146 175 94
161 49 59
159 49 7
101 133 50
128 109 51
168 162 56
23 17 54
37 141 7
95 146 96
42 45 48
40 12 81
25 179 97
11 90 79
184 190 59
27 71 60
146 45 25
13 13 86
190 50 40
123 144 84
167 132 57
193 117 25
158 142 29
47 152 45
69 88 42
169 61 6
46 13 76
84 25 36
84 21 72
31 89 66
70 63 76
153 8 98
1 165 90
33 171 66
37 147 4
110 192 72
174 28 30
58 57 28
183 33 72
57 8 32
80 8 74
10 97 33
111 133 83
133 189 92
59 169 86
63 33 47
34 162 14
40 119 69
128 147 44
120 88 15
147 14 29
141 150 69
191 159 18
50 138 37
135 177 88
74 37 49
75 110 14
187 2 39
109 95 73
56 19 76
190 160 22
107 157 37
3 153 47
5 40 25
72 113 29
67 134 84
190 102 64
75 157 96
166 19 51
102 15 19
130 16 88
71 20 48
135 38 27
180 104 97
142 119 6
30 115 62
113 135 98
97 107 40
100 155 4
14 41 59
85 170 20
61 187 25
22 74 59
42 6 69
1 147 69
130 42 88
154 139 20
3 184 97
5 4 44
21 35 91
51 41 87
47 63 58
80 50 29
24 50 82
31 64 89
153 193 12
22 153 42
83 101 34
105 106 4
167 72 33
98 122 10
21 115 78
157 1 66
105 163 68
6 1 93
169 153 97
170 34 91
100 77 85
70 43 98
48 6 89
151 62 88
44 37 89
76 162 24
13 104 8
50 131 40
139 53 63
105 98 65
139 167 33
94 160 24
189 41 64
114 138 38
178 127 30
8 148 51
96 160 41
1 17 33
158 101 31
101 151 60
120 97 34
181 136 26
178 190 24
114 174 85
87 127 85
166 30 97
156 169 3
28 79 95
92 179 66
61 51 96
142 38 82
169 23 22
93 136 89
144 29 7
95 141 94
12 103 62
10 114 8
86 120 13
11 14 91
72 148 66
16 70 99
149 162 27
16 58 83
7 86 46
167 95 12
66 127 15
14 137 86
139 15 51
24 30 9
70 179 78
59 140 49
22 95 99
125 19 29
62 137 24
155 148 48
119 162 6
151 53 78
29 23 82
30 92 37
138 96 33
57 63 71
74 133 50
145 22 31
109 84 53
167 184 27
104 109 64
177 12 56
72 40 65
190 15 88
184 153 54
125 155 43
161 35 65
160 180 72
43 153 92
49 63 32
24 185 11
51 64 79
100 6 46
132 189 88
67 67 55
65 34 40
141 139 73
184 21 91
64 9 16
126 58 91
50 81 25
154 176 75
89 114 8
177 127 23
172 137 89
8 30 58
163 20 58
164 29 40
53 135 91
189 130 43
159 113 43
140 91 18
101 98 30
7 13 50
72 177 88
187 91 65
34 112 31
2 108 68
169 19 64
129 104 75
33 11 37
104 156 26
2 174 30
122 72 67
148 102 25
131 41 32
56 21 78
160 161 34
61 136 9
15 50 59
107 153 79
158 155 41
138 29 79
171 176 28
124 115 34
10 81 60
3 87 2
153 106 1
21 120 74
38 172 55
17 83 87
116 27 62
93 5 14
117 107 71
127 176 99
158 186 25
42 40 39
139 60 62
37 43 24
142 5 48
86 158 30
55 27 77
82 100 37
170 64 81
144 165 46
123 43 69
107 80 3
69 167 18
113 20 50
129 105 80
150 105 34
29 133 95
30 109 96
23 5 98
96 155 97
14 31 94
185 137 61
96 12 54
66 70 55
133 100 77
51 75 83
69 104 40
95 73 71
39 168 97
134 181 52
24 118 97
133 21 55
76 32 74
177 79 13
135 18 4
59 69 21
61 83 1
171 177 23
39 161 31
7 101 63
5 71 81
139 10 93
112 153 85
83 94 95
100 99 71
52 159 11
127 67 62
175 19 67
156 23 17
61 161 73
180 58 84
83 115 7
64 143 60
9 50 23
22 47 73
63 46 54
34 173 32
165 100 6
10 8 25
65 68 84
74 193 37
60 28 58
4 92 57
42 46 38
172 76 4
54 109 6
162 36 26
97 46 83
52 65 30
29 128 94
190 115 94
99 46 39
109 24 36
110 23 94
90 25 72
115 133 36
8 36 4
107 33 45
152 182 41
32 157 99
141 99 80
103 5 1
78 113 36
129 168 38
41 64 40
117 178 42
36 131 73
112 88 99
17 65 89
187 151 38
32 61 83
167 19 23
49 5 23
94 122 4
78 103 88
43 47 63
179 159 50
165 121 23
60 114 69
105 13 11
161 180 76
190 174 75
36 74 80
58 97 28
103 85 17
191 70 94
65 181 95
3 47 26
91 100 58
120 60 20
41 99 8
110 8 55
33 144 40
59 15 58
13 17 98
26 107 96
130 99 36
53 76 57
102 142 80
178 9 8
128 118 98
20 101 59
111 59 98
1 30 50
130 159 6
77 157 69
49 87 25
105 17 70
119 59 61
122 78 18
139 134 38
172 81 49
1 40 96
153 72 95
59 66 16
126 116 47
147 73 94
93 191 17
80 119 47
113 64 45
150 181 8
77 191 29
54 137 41
187 96 5
84 101 92
67 172 38
12 126 44
101 164 13
1 189 7
171 54 86
35 10 48
118 86 39
25 139 66
163 78 95
126 162 41
155 174 31
52 39 17
104 39 48
28 155 43
154 136 37
20 60 78
77 84 67
77 54 2
118 179 75
13 86 99
131 81 39
45 184 59
26 29 76
82 105 78
77 9 12
189 87 24
100 163 76
188 14 83
67 106 53
130 185 71
111 19 8
175 186 42
121 9 31
37 54 31
118 187 34
190 60 87
171 159 34
21 41 6
93 97 84
21 25 33
22 70 50
19 110 11
24 176 14
62 20 80
70 137 49
91 79 74
163 56 89
40 169 67
89 135 82
1 120 1
23 90 14
54 151 56
83 27 4
79 33 12
137 80 36
159 168 67
19 190 57
189 19 96
94 18 66
3 176 25
90 140 36
60 29 66
144 133 93
116 90 52
50 108 89
49 49 17
138 88 46
184 52 57
9 162 98
90 165 43
10 7 80
164 67 2
150 156 75
110 78 83
67 73 18
104 122 78
160 12 72
41 141 59
160 149 40
82 140 1
184 12 9
134 122 70
189 150 75
178 102 43
17 38 27
19 119 8
167 44 21
134 173 28
118 59 26
125 123 64
11 32 33
158 27 47
176 34 51
88 18 4
94 34 1
37 192 86
173 111 37
118 52 51
75 169 8
98 46 85
147 56 4
46 20 36
121 75 70
89 36 62
79 100 77
187 120 3
107 163 6
11 116 60
85 161 45
131 61 28
18 90 43
115 157 29
191 105 12
19 193 96
193 157 59
103 70 90
58 26 59
14 56 99
129 187 54
192 150 75
182 71 65
192 14 20
65 32 27
167 181 19
193 89 24
42 146 24
6 106 55
183 167 7
66 112 58
192 176 67
125 149 89
167 22 2
32 21 6
52 8 5
98 152 59
131 51 86
73 179 28
85 190 61
2 188 95
135 39 56
15 14 83
118 57 26
79 8 76
27 138 84
58 47 62
21 48 13
61 133 50
68 136 2
95 150 80
75 21 12
13 99 48
180 71 33
95 30 25
85 108 3
61 74 9
156 80 38
181 147 91
168 48 72
167 122 81
38 66 72
44 156 28
90 186 73
183 54 80
81 155 69
57 89 99
114 9 14
127 175 90
161 150 57
1 16 72
125 5 29
3 94 17
77 163 35
52 165 13
34 85 84
9 19 30
105 179 62
81 116 56
42 47 71
104 188 1
159 67 46
19 89 14
173 140 41
83 173 17
140 127 12
125 177 10
66 17 83
86 43 9
121 31 31
160 134 71
100 45 9
123 10 17
7 182 64
188 103 87
92 34 62
120 45 33
124 130 86
190 3 97
22 15 85
2 83 30
17 89 56
171 144 79
57 84 77
70 176 82
13 48 52
164 172 14
165 114 23
3 29 45
168 50 82
76 191 80
186 14 48
91 130 30
153 132 36
74 160 72
69 130 89
140 102 40
159 104 56
93 24 8
95 99 97
126 37 45
68 87 51
1 36 55
76 105 17
74 190 13
132 193 86
74 40 41
152 166 31
50 164 11
77 177 56
72 64 49
172 138 26
41 76 13
98 153 50
179 34 23
112 131 6
81 181 49
123 64 76
58 191 26
94 45 79
165 62 4
148 40 87
18 26 72
151 55 13
160 112 69
123 13 99
89 70 32
150 109 71
7 80 72
121 173 47
178 191 10
64 179 94
102 136 86
173 103 29
127 135 50
69 11 58
20 99 9
161 1 45
100 8 29
45 128 7
30 58 3
39 121 28
141 147 36
83 81 45
23 149 7
114 168 93
27 81 33
48 180 1
95 32 2
175 7 20
5 45 24
13 54 30
16 84 35
95 52 30
45 112 28
178 84 55
118 132 87
66 172 92
86 99 19
164 103 74
170 115 52
150 77 36
83 38 55
11 122 96
39 106 81
147 170 55
89 44 91
157 159 75
31 115 36
45 143 8
87 46 39
127 3 28
85 41 71
127 133 98
52 126 9
96 33 96
146 135 16
62 112 85
171 188 41
32 122 91
14 152 25
48 85 97
58 137 93
1 38 6
71 79 50
129 170 3
182 124 2
161 101 41
158 92 9
171 139 13
68 143 48
37 143 58
143 159 2
87 95 64
112 139 25
55 73 15
45 41 40
169 172 41
166 136 44
122 59 18
109 73 63
144 58 84
48 9 24
85 10 62
106 193 21
119 114 41
71 33 16
60 154 65
188 69 85
17 53 69
128 3 22
66 83 91
182 130 76
105 160 86
46 72 19
166 137 15
71 14 49
57 74 28
102 14 62
111 169 2
36 104 4
157 169 67
121 157 57
93 14 96
75 5 99
2 170 5
61 50 80
25 189 45
72 152 11
148 79 64
84 191 54
158 126 14
3 186 99
113 171 88
44 149 68
89 173 5
98 191 19
28 145 2
60 57 29
52 86 88
103 112 94
22 22 63
180 24 41
141 137 57
5 126 72
22 21 84
34 118 1
143 91 83
137 96 89
54 148 16
108 3 56
161 163 17
91 149 45
14 42 24
52 185 62
129 80 9
136 23 19
153 130 6
111 43 4
145 80 42
148 39 13
40 90 10
57 82 94
1 175 56
137 117 52
175 68 82
60 27 39
139 84 12
188 35 64
138 128 36
129 167 81
112 30 71
193 69 91
72 69 39
11 132 52
99 191 22
124 137 59
90 21 29
27 149 29
53 13 19
152 84 48
179 113 35
76 70 91
178 168 57
114 98 32
133 41 22
132 130 64
65 156 75
164 155 59
96 43 93
16 64 28
14 48 86
9 108 10
140 47 5
100 125 39
80 189 40
154 106 90
49 96 61
94 175 42
30 23 70
163 178 44
172 191 11
155 145 94
128 91 52
142 136 63
35 121 54
50 70 6
163 45 22
125 14 77
96 131 65
132 166 31
182 77 88
30 16 23
113 12 1
123 120 27
102 52 94
64 93 29
109 153 15
24 146 71
19 134 17
134 109 88
170 29 48
29 97 33
70 5 14
125 15 34
91 33 6
177 83 3
123 71 2
172 72 73
48 108 52
12 6 99
14 182 37
163 118 23
17 186 47
4 132 91
184 110 81
61 77 14
119 153 15
181 141 76
85 104 91
54 89 52
81 38 87
117 35 92
24 153 36
28 96 8
64 4 66
51 34 43
165 23 42
150 23 8
127 103 45
42 111 56
67 35 17
115 4 20
67 102 69
160 129 30
192 192 54
68 49 37
48 160 15
154 116 9
47 49 64
171 90 74
130 103 19
69 24 11
160 36 61
90 2 47
115 140 91
150 61 80
39 14 99
193 130 48
18 67 5
15 135 58
16 48 44
118 83 25
101 4 9
83 92 57
60 187 15
60 158 80
111 104 38
59 67 46
55 81 21
20 42 80
75 159 93
77 67 87
164 95 18
5 107 66
72 29 17
134 49 51
134 69 95
78 91 95
163 61 42
93 77 7
155 62 70
4 12 70
66 85 21
48 156 22
57 42 61
54 176 85
16 6 17
183 114 61
4 152 77
172 113 78
55 62 84
183 72 74
142 137 82
128 130 52
89 133 6
121 8 92
41 136 7
160 139 77
87 118 32
108 108 76
176 2 41
81 129 57
87 164 38
135 14 38
57 135 48
177 121 63
164 88 28
109 111 43
112 143 78
123 3 5
12 124 25
176 11 58
30 44 25
15 124 83
132 181 18
116 188 19
82 53 23
111 175 16
55 133 67
138 61 59
157 90 42
41 128 10
69 135 9
25 100 17
68 161 15
167 188 21
159 106 18
32 50 26
175 190 99
172 37 42
101 52 12
66 144 45
125 63 76
182 31 42
27 135 44
144 167 6
128 28 83
8 149 2
24 73 41
57 66 71
133 77 24
176 8 89
20 135 89
163 57 12
159 184 54
139 133 25
76 129 29
172 111 37
137 76 40
132 184 97
15 100 27
64 65 53
33 125 14
95 82 6
37 166 73
97 42 23
114 177 95
101 116 81
1 76 22
151 86 20
45 118 61
75 19 43
73 1 6
10 43 64
82 156 92
35 169 9
128 81 67
149 82 36
130 178 22
122 29 76
183 104 11
133 122 19
54 131 29
17 158 32
181 138 54
192 127 30
133 7 1
74 38 31
73 173 85
70 33 40
110 188 71
59 121 4
122 120 62
26 5 40
11 140 17
162 159 14
105 8 51
76 29 87
153 33 14
50 19 73
193 184 16
95 1 34
99 109 61
140 20 18
92 95 78
31 82 51
141 17 57
37 169 21
78 3 66
154 2 31
14 140 26
5 32 42
89 124 80
9 100 26
29 47 61
1 11 84
13 88 46
44 187 70
64 173 90
31 186 27
106 137 90
7 32 34
141 40 38
147 39 18
106 179 86
18 191 19
125 51 6
28 27 7
16 133 52
35 85 57
124 33 97
118 141 24
105 41 94
36 92 23
62 56 83
175 126 44
34 58 32
90 46 14
57 26 75
178 20 41
176 124 28
158 106 63
71 167 28
174 149 67
17 128 48
105 145 58
187 92 59
54 22 80
8 143 89
1 107 5
32 123 10
172 50 22
191 66 28
73 61 30
179 168 34
136 79 91
143 72 32
185 25 32
158 165 53
182 3 14
41 121 1
158 190 2
184 121 58
105 10 34
116 74 7
165 162 51
115 64 88
187 53 75
185 170 84
54 135 22
122 125 61
25 175 35
92 97 98
37 68 15
193 109 58
181 170 20
139 109 1
46 50 12
73 181 73
57 109 45
40 170 18
82 14 3
39 152 1
149 139 43
71 95 78
10 64 91
29 120 64
172 136 52
49 121 88
22 10 80
9 187 76
190 143 76
153 25 69
171 78 24
185 94 30
185 103 67
172 131 54
20 55 55
1 103 98
43 71 84
98 25 25
57 21 78
36 151 81
132 142 40
74 134 12
80 58 4
13 78 58
27 24 91
161 66 22
58 109 49
141 165 75
119 127 40
67 108 27
38 46 58
103 120 13
24 6 81
21 157 25
18 129 96
118 97 80
41 154 58
182 47 3
150 165 92
142 21 22
135 70 15
90 5 35
49 22 66
171 86 26
164 72 99
19 60 6
38 16 26
129 59 23
134 8 74
185 142 21
54 102 70
122 191 30
153 185 53
65 162 34
181 97 65
88 134 38
158 69 43
39 140 94
31 26 79
75 37 62
151 56 51
64 76 23
178 41 97
158 5 19
90 43 3
92 15 41
156 184 60
19 11 89
182 107 53
37 157 46
72 151 73
170 61 53
29 151 92
28 121 6
165 159 68
36 67 4
18 31 68
90 19 91
163 1 62
171 181 43
115 59 69
45 174 84
172 10 98
94 176 4
77 147 4
20 128 26
146 146 47
35 181 29
31 97 22
130 74 26
62 134 63
91 124 31
127 102 47
119 141 12
39 163 89
9 182 24
100 80 69
113 60 15
144 37 14
176 166 8
3 34 77
31 143 9
184 68 13
20 61 72
181 106 94
147 169 19
43 151 73
150 99 52
171 162 72
125 168 3
164 21 15
69 114 3
10 102 85
116 58 89
8 62 77
110 44 78
21 50 40
139 166 71
154 101 31
104 71 49
78 139 31
167 94 84
20 16 21
164 23 13
62 99 46
135 52 46
143 12 33
17 61 60
105 84 75
59 57 96
114 76 96
34 186 23
100 124 97
16 132 82
120 52 57
14 98 61
43 9 8
156 14 68
169 127 28
140 12 86
31 92 77
84 41 61
57 55 92
179 43 14
191 6 52
12 120 91
48 70 47
76 155 37
124 97 4
18 180 33
98 175 40
11 178 56
21 163 37
17 117 22
137 47 63
111 27 60
58 151 87
96 114 3
120 157 96
130 167 1
109 172 24
28 188 17
151 61 80
111 61 19
138 118 21
13 20 65
68 85 17
105 21 26
71 22 88
7 130 11
47 103 47
170 18 73
29 18 6
164 31 56
26 98 29
45 9 66
177 26 17
55 32 21
39 120 87
32 170 95
37 5 76
158 168 15
106 140 9
83 184 55
27 113 54
173 162 48
69 146 82
84 157 54
88 103 89
74 15 12
4 70 98
13 8 76
108 180 14
118 56 55
54 27 88
31 56 83
178 133 85
83 166 97
101 185 75
11 150 46
104 99 75
63 111 79
135 164 78
67 88 6
153 118 91
17 48 28
73 130 34
178 176 24
50 186 5
158 43 33
88 105 59
165 185 62
175 58 87
185 148 15
29 53 98
67 70 94
183 142 90
78 72 79
139 85 27
164 119 57
160 17 68
53 148 16
86 122 62
183 134 89
80 123 84
106 7 41
115 109 34
9 193 7
191 164 32
16 128 61
51 180 45
179 19 87
166 147 81
30 33 52
174 138 31
3 6 44
92 14 90
127 150 7
171 134 51
112 149 80
12 130 69
130 48 41
133 23 88
120 3 6
4 145 68
51 43 40
183 115 50
91 39 52
22 150 78
157 69 22
166 144 14
74 83 61
153 148 46
37 152 11
66 148 88
107 137 82
51 35 26
128 2 11
106 167 92
35 130 18
178 48 75
37 67 43
25 9 94
138 20 50
46 126 31
123 163 79
88 143 65
122 128 55
105 110 91
63 166 56
30 136 56
39 80 59
3 71 4
50 31 38
130 190 10
158 65 99
6 131 1
5 168 92
13 14 71
95 155 90
55 11 38
83 87 37
167 51 95
167 102 5
116 37 84
138 182 6
76 77 15
116 40 93
187 80 7
28 80 50
145 162 62
12 81 73
24 115 88
132 59 9
176 134 15
27 65 60
185 181 97
108 120 88
186 147 34
28 45 69
9 2 6
180 136 42
13 106 71
17 26 90
164 182 88
80 121 26
129 148 43
136 35 8
179 186 57
143 152 99
166 168 43
104 35 46
11 144 72
37 31 88
156 159 40
72 4 91
182 85 13
127 16 61
37 158 27
37 18 77
53 193 66
87 173 47
32 108 10
65 41 97
36 23 78
104 98 73
7 183 71
143 137 22
119 119 17
46 172 46
3 168 34
65 7 21
75 39 76
170 49 9
86 31 72
148 87 39
9 36 78
16 154 30
10 148 76
130 40 17
75 47 49
133 99 50
41 192 61
131 8 27
111 162 9
156 9 84
178 18 14
16 173 85
27 10 73
64 50 17
187 126 55
44 183 6
54 145 83
17 129 35
127 2 91
8 17 72
3 173 37
13 93 1
183 136 52
75 189 91
114 12 86
116 84 10
161 92 58
14 38 37
166 79 34
120 91 74
7 27 82
95 107 18
189 29 39
91 189 96
10 126 78
172 135 63
119 95 5
103 67 75
136 193 5
86 114 21
156 55 37
170 146 58
28 101 55
112 90 67
25 192 14
128 40 13
74 99 16
2 146 39
74 68 50
34 41 21
119 30 97
92 142 5
98 73 51
48 165 95
139 122 20
42 123 84
192 143 28
102 122 46
177 85 2
70 69 73
113 63 37
60 147 9
137 188 9
167 186 68
156 40 47
46 43 98
159 166 1
166 165 21
91 123 71
34 193 77
123 58 52
129 117 13
